   6.4000000000000000e+01   1.0000000000000000e+00
   0.0000000000000000e+00
   2.0813444587178154e-02
   8.1520980446378399e-02
   1.7706847584308238e-01
   2.9950124077375817e-01
   4.3862628496424744e-01
   5.8286092282276025e-01
   7.2019707577881720e-01
   8.3920099019494998e-01
   9.2996514055772850e-01
   9.8493306841084094e-01
   1.0000000000000000e+00
   1.0000000000000000e+00
   1.0000000000000000e+00
   1.0000000000000000e+00
   1.0000000000000000e+00
   1.0000000000000000e+00
   1.0000000000000000e+00
   1.0000000000000000e+00
   1.0000000000000000e+00
   1.0000000000000000e+00
   9.8493306841084105e-01
   9.2996514055772839e-01
   8.3920099019494998e-01
   7.2019707577881731e-01
   5.8286092282276059e-01
   4.3862628496424733e-01
   2.9950124077375817e-01
   1.7706847584308238e-01
   8.1520980446378510e-02
   2.0813444587178154e-02
   0.0000000000000000e+00
   0.0000000000000000e+00
   0.0000000000000000e+00
   0.0000000000000000e+00
   0.0000000000000000e+00
   0.0000000000000000e+00
   0.0000000000000000e+00
   0.0000000000000000e+00
   0.0000000000000000e+00
   0.0000000000000000e+00
   0.0000000000000000e+00
   0.0000000000000000e+00
   0.0000000000000000e+00
   0.0000000000000000e+00
   0.0000000000000000e+00
   0.0000000000000000e+00
   0.0000000000000000e+00
   0.0000000000000000e+00
   0.0000000000000000e+00
   0.0000000000000000e+00
   0.0000000000000000e+00
   0.0000000000000000e+00
   0.0000000000000000e+00
   0.0000000000000000e+00
   0.0000000000000000e+00
   0.0000000000000000e+00
   0.0000000000000000e+00
   0.0000000000000000e+00
   0.0000000000000000e+00
   0.0000000000000000e+00
   0.0000000000000000e+00
   0.0000000000000000e+00
   0.0000000000000000e+00
