   6.4000000000000000e+01   1.0000000000000000e+00
   0.0000000000000000e+00
   4.0521094189884699e-02
   1.5551654046215668e-01
   3.2634737357758992e-01
   5.2532458441935637e-01
   7.2019707577881720e-01
   8.7937906134639543e-01
   9.7706962820002441e-01
   1.0000000000000000e+00
   1.0000000000000000e+00
   1.0000000000000000e+00
   1.0000000000000000e+00
   1.0000000000000000e+00
   1.0000000000000000e+00
   1.0000000000000000e+00
   1.0000000000000000e+00
   1.0000000000000000e+00
   1.0000000000000000e+00
   1.0000000000000000e+00
   1.0000000000000000e+00
   1.0000000000000000e+00
   1.0000000000000000e+00
   1.0000000000000000e+00
   1.0000000000000000e+00
   9.7706962820002441e-01
   8.7937906134639565e-01
   7.2019707577881698e-01
   5.2532458441935637e-01
   3.2634737357759003e-01
   1.5551654046215702e-01
   4.0521094189884588e-02
   0.0000000000000000e+00
   0.0000000000000000e+00
   0.0000000000000000e+00
   0.0000000000000000e+00
   0.0000000000000000e+00
   0.0000000000000000e+00
   0.0000000000000000e+00
   0.0000000000000000e+00
   0.0000000000000000e+00
   0.0000000000000000e+00
   0.0000000000000000e+00
   0.0000000000000000e+00
   0.0000000000000000e+00
   0.0000000000000000e+00
   0.0000000000000000e+00
   0.0000000000000000e+00
   0.0000000000000000e+00
   0.0000000000000000e+00
   0.0000000000000000e+00
   0.0000000000000000e+00
   0.0000000000000000e+00
   0.0000000000000000e+00
   0.0000000000000000e+00
   0.0000000000000000e+00
   0.0000000000000000e+00
   0.0000000000000000e+00
   0.0000000000000000e+00
   0.0000000000000000e+00
   0.0000000000000000e+00
   0.0000000000000000e+00
   0.0000000000000000e+00
   0.0000000000000000e+00
   0.0000000000000000e+00
