   6.4000000000000000e+01   1.0000000000000000e+00
   0.0000000000000000e+00
   0.0000000000000000e+00
   1.0650684916965558e-01
   0.0000000000000000e+00
   3.8065256099843114e-01
   0.0000000000000000e+00
   7.0564355156530578e-01
   0.0000000000000000e+00
   9.4302475521506723e-01
   0.0000000000000000e+00
   1.0000000000000000e+00
   0.0000000000000000e+00
   1.0000000000000000e+00
   0.0000000000000000e+00
   1.0000000000000000e+00
   0.0000000000000000e+00
   1.0000000000000000e+00
   0.0000000000000000e+00
   1.0000000000000000e+00
   0.0000000000000000e+00
   1.0000000000000000e+00
   0.0000000000000000e+00
   1.0000000000000000e+00
   0.0000000000000000e+00
   1.0000000000000000e+00
   0.0000000000000000e+00
   1.0000000000000000e+00
   0.0000000000000000e+00
   1.0000000000000000e+00
   0.0000000000000000e+00
   1.0000000000000000e+00
   0.0000000000000000e+00
   1.0000000000000000e+00
   0.0000000000000000e+00
   1.0000000000000000e+00
   0.0000000000000000e+00
   1.0000000000000000e+00
   0.0000000000000000e+00
   1.0000000000000000e+00
   0.0000000000000000e+00
   1.0000000000000000e+00
   0.0000000000000000e+00
   1.0000000000000000e+00
   0.0000000000000000e+00
   1.0000000000000000e+00
   0.0000000000000000e+00
   1.0000000000000000e+00
   0.0000000000000000e+00
   1.0000000000000000e+00
   0.0000000000000000e+00
   1.0000000000000000e+00
   0.0000000000000000e+00
   1.0000000000000000e+00
   0.0000000000000000e+00
   9.9441541311256443e-01
   0.0000000000000000e+00
   8.4312081893436719e-01
   0.0000000000000000e+00
   5.4564735551932464e-01
   0.0000000000000000e+00
   2.2872686806712089e-01
   0.0000000000000000e+00
   2.7376166801137802e-02
   0.0000000000000000e+00
