   6.4000000000000000e+01   1.0000000000000000e+00
   0.0000000000000000e+00
   0.0000000000000000e+00
   3.9109322062557422e-01
   0.0000000000000000e+00
   9.5255725362516064e-01
   0.0000000000000000e+00
   1.0000000000000000e+00
   0.0000000000000000e+00
   1.0000000000000000e+00
   0.0000000000000000e+00
   1.0000000000000000e+00
   0.0000000000000000e+00
   1.0000000000000000e+00
   0.0000000000000000e+00
   1.0000000000000000e+00
   0.0000000000000000e+00
   1.0000000000000000e+00
   0.0000000000000000e+00
   1.0000000000000000e+00
   0.0000000000000000e+00
   1.0000000000000000e+00
   0.0000000000000000e+00
   1.0000000000000000e+00
   0.0000000000000000e+00
   1.0000000000000000e+00
   0.0000000000000000e+00
   1.0000000000000000e+00
   0.0000000000000000e+00
   1.0000000000000000e+00
   0.0000000000000000e+00
   1.0000000000000000e+00
   0.0000000000000000e+00
   1.0000000000000000e+00
   0.0000000000000000e+00
   1.0000000000000000e+00
   0.0000000000000000e+00
   1.0000000000000000e+00
   0.0000000000000000e+00
   1.0000000000000000e+00
   0.0000000000000000e+00
   1.0000000000000000e+00
   0.0000000000000000e+00
   1.0000000000000000e+00
   0.0000000000000000e+00
   1.0000000000000000e+00
   0.0000000000000000e+00
   1.0000000000000000e+00
   0.0000000000000000e+00
   1.0000000000000000e+00
   0.0000000000000000e+00
   1.0000000000000000e+00
   0.0000000000000000e+00
   1.0000000000000000e+00
   0.0000000000000000e+00
   1.0000000000000000e+00
   0.0000000000000000e+00
   1.0000000000000000e+00
   0.0000000000000000e+00
   1.0000000000000000e+00
   0.0000000000000000e+00
   7.2019707577881742e-01
   0.0000000000000000e+00
   1.0983760452395386e-01
   0.0000000000000000e+00
