   6.4000000000000000e+01   1.0000000000000000e+00
   0.0000000000000000e+00
   2.0813444587178154e-02
   0.0000000000000000e+00
   1.7706847584308238e-01
   0.0000000000000000e+00
   4.3862628496424744e-01
   0.0000000000000000e+00
   7.2019707577881720e-01
   0.0000000000000000e+00
   9.2996514055772850e-01
   0.0000000000000000e+00
   1.0000000000000000e+00
   0.0000000000000000e+00
   1.0000000000000000e+00
   0.0000000000000000e+00
   1.0000000000000000e+00
   0.0000000000000000e+00
   1.0000000000000000e+00
   0.0000000000000000e+00
   1.0000000000000000e+00
   0.0000000000000000e+00
   9.8493306841084105e-01
   0.0000000000000000e+00
   8.3920099019494998e-01
   0.0000000000000000e+00
   5.8286092282276059e-01
   0.0000000000000000e+00
   2.9950124077375817e-01
   0.0000000000000000e+00
   8.1520980446378510e-02
   0.0000000000000000e+00
   0.0000000000000000e+00
   0.0000000000000000e+00
   2.0813444587178154e-02
   0.0000000000000000e+00
   1.7706847584308238e-01
   0.0000000000000000e+00
   4.3862628496424744e-01
   0.0000000000000000e+00
   7.2019707577881720e-01
   0.0000000000000000e+00
   9.2996514055772850e-01
   0.0000000000000000e+00
   1.0000000000000000e+00
   0.0000000000000000e+00
   1.0000000000000000e+00
   0.0000000000000000e+00
   1.0000000000000000e+00
   0.0000000000000000e+00
   1.0000000000000000e+00
   0.0000000000000000e+00
   1.0000000000000000e+00
   0.0000000000000000e+00
   9.8493306841084105e-01
   0.0000000000000000e+00
   8.3920099019494998e-01
   0.0000000000000000e+00
   5.8286092282276059e-01
   0.0000000000000000e+00
   2.9950124077375817e-01
   0.0000000000000000e+00
   8.1520980446378510e-02
   0.0000000000000000e+00
   0.0000000000000000e+00
