   6.4000000000000000e+01   1.0000000000000000e+00
   0.0000000000000000e+00
   0.0000000000000000e+00
   0.0000000000000000e+00
   0.0000000000000000e+00
   0.0000000000000000e+00
   0.0000000000000000e+00
   0.0000000000000000e+00
   0.0000000000000000e+00
   0.0000000000000000e+00
   0.0000000000000000e+00
   0.0000000000000000e+00
   0.0000000000000000e+00
   0.0000000000000000e+00
   0.0000000000000000e+00
   0.0000000000000000e+00
   0.0000000000000000e+00
   0.0000000000000000e+00
   0.0000000000000000e+00
   0.0000000000000000e+00
   0.0000000000000000e+00
   0.0000000000000000e+00
   1.2028809278855666e-01
   9.8923755254333265e-02
   7.9510626890725272e-02
   6.2103095593071436e-02
   4.6751660742341758e-02
   3.3502271800338060e-02
   2.2395692356758989e-02
   1.3466908359656677e-02
   6.7445992990367923e-03
   2.2506901619045406e-03
   0.0000000000000000e+00
   0.0000000000000000e+00
   2.2506901619045406e-03
   6.7445992990367923e-03
   1.3466908359656677e-02
   2.2395692356758989e-02
   3.3502271800338060e-02
   4.6751660742341758e-02
   6.2103095593071436e-02
   7.9510626890725272e-02
   9.8923755254333265e-02
   1.2028809278855666e-01
   0.0000000000000000e+00
   0.0000000000000000e+00
   0.0000000000000000e+00
   0.0000000000000000e+00
   0.0000000000000000e+00
   0.0000000000000000e+00
   0.0000000000000000e+00
   0.0000000000000000e+00
   0.0000000000000000e+00
   0.0000000000000000e+00
   0.0000000000000000e+00
   0.0000000000000000e+00
   0.0000000000000000e+00
   0.0000000000000000e+00
   0.0000000000000000e+00
   0.0000000000000000e+00
   0.0000000000000000e+00
   0.0000000000000000e+00
   0.0000000000000000e+00
   0.0000000000000000e+00
   0.0000000000000000e+00
