   6.4000000000000000e+01   1.0000000000000000e+00
   0.0000000000000000e+00
   1.7487773317737890e-02
   3.4975546635475849e-02
   5.2463319953213738e-02
   6.9951093270951628e-02
   8.7438866588689448e-02
   1.0492663990642741e-01
   1.2241441322416530e-01
   1.3990218654190320e-01
   1.5738995985964108e-01
   1.7487773317737890e-01
   1.9236550649511686e-01
   2.0985327981285473e-01
   2.2734105313059264e-01
   2.4482882644833054e-01
   2.6231659976606836e-01
   2.7980437308380635e-01
   2.9729214640154422e-01
   3.1477991971928210e-01
   3.3226769303701992e-01
   3.4975546635475779e-01
   3.6724323967249567e-01
   3.8473101299023355e-01
   4.0221878630797148e-01
   4.1970655962570941e-01
   4.3719433294344723e-01
   4.5468210626118510e-01
   4.7216987957892304e-01
   4.8965765289666097e-01
   5.0714542621439884e-01
   5.2463319953213661e-01
   5.4212097284987459e-01
   5.4212097284987470e-01
   5.2463319953213672e-01
   5.0714542621439884e-01
   4.8965765289666108e-01
   4.7216987957892309e-01
   4.5468210626118527e-01
   4.3719433294344728e-01
   4.1970655962570941e-01
   4.0221878630797153e-01
   3.8473101299023355e-01
   3.6724323967249578e-01
   3.4975546635475796e-01
   3.3226769303701992e-01
   3.1477991971928215e-01
   2.9729214640154417e-01
   2.7980437308380635e-01
   2.6231659976606830e-01
   2.4482882644833054e-01
   2.2734105313059272e-01
   2.0985327981285473e-01
   1.9236550649511686e-01
   1.7487773317737890e-01
   1.5738995985964108e-01
   1.3990218654190326e-01
   1.2241441322416530e-01
   1.0492663990642741e-01
   8.7438866588689448e-02
   6.9951093270951628e-02
   5.2463319953213815e-02
   3.4975546635475849e-02
   1.7487773317737963e-02
   0.0000000000000000e+00
