   6.4000000000000000e+01   1.0000000000000000e+00
   0.0000000000000000e+00
   3.2892070332087880e-02
   6.4965234558613388e-02
   9.6200834185623016e-02
   1.2658014927774200e-01
   1.5608443423750140e-01
   1.8469495611146294e-01
   2.1239303538528351e-01
   2.3916008920256288e-01
   2.6497767691278096e-01
   2.8982754782221748e-01
   3.1369169098865968e-01
   3.3655238686644451e-01
   3.5839226057334567e-01
   3.7919433651568418e-01
   3.9894209407326814e-01
   4.1761952401226571e-01
   4.3521118526245639e-01
   4.5170226166637217e-01
   4.6707861828242297e-01
   4.8132685680295195e-01
   4.9443436963212822e-01
   5.0638939215826406e-01
   5.1718105275126580e-01
   5.2679942001890834e-01
   5.3523554686589458e-01
   5.4248151091739283e-01
   5.4853045089398578e-01
   5.5337659855753862e-01
   5.5701530588705772e-01
   5.5944306718958903e-01
   5.6065753590286493e-01
   5.6065753590286493e-01
   5.5944306718958903e-01
   5.5701530588705772e-01
   5.5337659855753862e-01
   5.4853045089398578e-01
   5.4248151091739349e-01
   5.3523554686589458e-01
   5.2679942001890834e-01
   5.1718105275126580e-01
   5.0638939215826406e-01
   4.9443436963212822e-01
   4.8132685680295195e-01
   4.6707861828242353e-01
   4.5170226166637217e-01
   4.3521118526245639e-01
   4.1761952401226571e-01
   3.9894209407326814e-01
   3.7919433651568479e-01
   3.5839226057334622e-01
   3.3655238686644451e-01
   3.1369169098866034e-01
   2.8982754782221748e-01
   2.6497767691278157e-01
   2.3916008920256346e-01
   2.1239303538528351e-01
   1.8469495611146294e-01
   1.5608443423750140e-01
   1.2658014927774200e-01
   9.6200834185623016e-02
   6.4965234558613388e-02
   3.2892070332088484e-02
   0.0000000000000000e+00
