   6.4000000000000000e+01   1.0000000000000000e+00
   1.1017297190174871e+00
   1.0842419456997494e+00
   1.0667541723820113e+00
   1.0492663990642734e+00
   1.0317786257465356e+00
   1.0142908524287977e+00
   9.9680307911105981e-01
   9.7931530579332193e-01
   9.6182753247558395e-01
   9.4433975915784607e-01
   9.2685198584010819e-01
   9.0936421252237043e-01
   8.9187643920463244e-01
   8.7438866588689457e-01
   8.5690089256915669e-01
   8.3941311925141882e-01
   8.2192534593368083e-01
   8.0443757261594295e-01
   7.8694979929820508e-01
   7.6946202598046731e-01
   7.5197425266272933e-01
   7.3448647934499145e-01
   7.1699870602725357e-01
   6.9951093270951559e-01
   6.8202315939177760e-01
   6.6453538607403984e-01
   6.4704761275630196e-01
   6.2955983943856419e-01
   6.1207206612082621e-01
   5.9458429280308833e-01
   5.7709651948535046e-01
   5.5960874616761269e-01
   5.4212097284987470e-01
   5.2463319953213672e-01
   5.0714542621439884e-01
   4.8965765289666108e-01
   4.7216987957892309e-01
   4.5468210626118527e-01
   4.3719433294344728e-01
   4.1970655962570946e-01
   4.0221878630797153e-01
   3.8473101299023355e-01
   3.6724323967249578e-01
   3.4975546635475796e-01
   3.3226769303701997e-01
   3.1477991971928215e-01
   2.9729214640154406e-01
   2.7980437308380640e-01
   2.6231659976606830e-01
   2.4482882644833059e-01
   2.2734105313059272e-01
   2.0985327981285468e-01
   1.9236550649511694e-01
   1.7487773317737890e-01
   1.5738995985964116e-01
   1.3990218654190326e-01
   1.2241441322416523e-01
   1.0492663990642748e-01
   8.7438866588689448e-02
   6.9951093270951697e-02
   5.2463319953213815e-02
   3.4975546635475779e-02
   1.7487773317738039e-02
   0.0000000000000000e+00
