   6.4000000000000000e+01   1.0000000000000000e+00
   0.0000000000000000e+00
   1.8624145663310755e-02
   3.7248291326621510e-02
   5.5872436989932266e-02
   7.4496582653243021e-02
   9.3120728316553783e-02
   1.1174487397986457e-01
   1.3036901964317532e-01
   1.4899316530648607e-01
   1.6761731096979682e-01
   1.8624145663310754e-01
   2.0486560229641831e-01
   2.2348974795972909e-01
   2.4211389362303981e-01
   2.6073803928635064e-01
   2.7936218494966131e-01
   2.9798633061297214e-01
   3.1661047627628286e-01
   3.3523462193959364e-01
   3.5385876760290441e-01
   3.7248291326621508e-01
   3.9110705892952591e-01
   4.0973120459283663e-01
   4.2835535025614746e-01
   4.4697949591945818e-01
   4.6560364158276885e-01
   4.8422778724607962e-01
   5.0285193290939045e-01
   5.2147607857270128e-01
   5.4010022423601201e-01
   5.5872436989932261e-01
   5.7734851556263345e-01
   5.9597266122594428e-01
   6.1459680688925500e-01
   6.3322095255256572e-01
   6.5184509821587644e-01
   6.7046924387918727e-01
   6.8909338954249788e-01
   7.0771753520580882e-01
   7.2634168086911943e-01
   7.4496582653243015e-01
   7.6358997219574098e-01
   7.8221411785905182e-01
   8.0083826352236243e-01
   8.1946240918567326e-01
   8.3808655484898387e-01
   8.5671070051229492e-01
   8.7533484617560564e-01
   8.9395899183891636e-01
   9.1258313750222708e-01
   9.3120728316553769e-01
   9.4983142882884875e-01
   9.6845557449215924e-01
   9.8707972015547008e-01
   1.0057038658187809e+00
   1.0243280114820914e+00
   1.0429521571454026e+00
   1.0615763028087131e+00
   1.0802004484720240e+00
   1.0988245941353345e+00
   1.1174487397986452e+00
   1.1360728854619564e+00
   1.1546970311252669e+00
   1.1733211767885776e+00
