   6.4000000000000000e+01   1.0000000000000000e+00
   0.0000000000000000e+00
   2.0879526646955925e-02
   4.1759053293911851e-02
   6.2638579940867703e-02
   8.3518106587823618e-02
   1.0439763323477955e-01
   1.2527715988173546e-01
   1.4615668652869140e-01
   1.6703621317564724e-01
   1.8791573982260315e-01
   2.0879526646955909e-01
   2.2967479311651501e-01
   2.5055431976347092e-01
   2.7143384641042684e-01
   2.9231337305738270e-01
   3.1319289970433867e-01
   3.3407242635129458e-01
   3.5495195299825050e-01
   3.7583147964520630e-01
   3.9671100629216227e-01
   4.1759053293911819e-01
   4.3847005958607405e-01
   4.5934958623303002e-01
   4.8022911287998582e-01
   5.0110863952694185e-01
   5.2198816617389765e-01
   5.4286769282085368e-01
   5.6374721946780948e-01
   5.8462674611476539e-01
   6.0550627276172142e-01
   6.2638579940867722e-01
   6.4726532605563314e-01
   6.4726532605563314e-01
   6.2638579940867734e-01
   6.0550627276172142e-01
   5.8462674611476551e-01
   5.6374721946780959e-01
   5.4286769282085368e-01
   5.2198816617389776e-01
   5.0110863952694185e-01
   4.8022911287998604e-01
   4.5934958623303002e-01
   4.3847005958607421e-01
   4.1759053293911835e-01
   3.9671100629216238e-01
   3.7583147964520652e-01
   3.5495195299825050e-01
   3.3407242635129464e-01
   3.1319289970433867e-01
   2.9231337305738281e-01
   2.7143384641042689e-01
   2.5055431976347092e-01
   2.2967479311651509e-01
   2.0879526646955909e-01
   1.8791573982260326e-01
   1.6703621317564740e-01
   1.4615668652869140e-01
   1.2527715988173554e-01
   1.0439763323477955e-01
   8.3518106587823701e-02
   6.2638579940867925e-02
   4.1759053293911851e-02
   2.0879526646956074e-02
   0.0000000000000000e+00
