   3.6000000000000000e+01   1.0000000000000000e+00
   4.9168305260956613e-01
   4.7763496539214989e-01
   4.6358687817473371e-01
   4.4953879095731752e-01
   4.3549070373990134e-01
   4.2144261652248521e-01
   4.0739452930506892e-01
   3.9334644208765285e-01
   3.7929835487023666e-01
   3.6525026765282043e-01
   3.5120218043540435e-01
   3.3715409321798817e-01
   3.2310600600057199e-01
   3.0905791878315581e-01
   2.9500983156573962e-01
   2.8096174434832349e-01
   2.6691365713090726e-01
   2.5286556991349107e-01
   2.3881748269607495e-01
   2.2476939547865876e-01
   2.1072130826124261e-01
   1.9667322104382642e-01
   1.8262513382641021e-01
   1.6857704660899403e-01
   1.5452895939157785e-01
   1.4048087217416177e-01
   1.2643278495674551e-01
   1.1238469773932937e-01
   9.8336610521913212e-02
   8.4288523304496960e-02
   7.0240436087080887e-02
   5.6192348869664718e-02
   4.2144261652248480e-02
   2.8096174434832321e-02
   1.4048087217416160e-02
   0.0000000000000000e+00
