   6.4000000000000000e+01   1.0000000000000000e+00
   0.0000000000000000e+00
   1.8624145663310734e-02
   3.7248291326621552e-02
   5.5872436989932203e-02
   7.4496582653243021e-02
   9.3120728316553741e-02
   1.1174487397986449e-01
   1.3036901964317532e-01
   1.4899316530648596e-01
   1.6761731096979676e-01
   1.8624145663310748e-01
   2.0486560229641831e-01
   2.2348974795972906e-01
   2.4211389362303978e-01
   2.6073803928635059e-01
   2.7936218494966125e-01
   2.9798633061297208e-01
   3.1661047627628280e-01
   3.3523462193959352e-01
   3.5385876760290441e-01
   3.7248291326621497e-01
   3.9110705892952585e-01
   4.0973120459283663e-01
   4.2835535025614740e-01
   4.4697949591945813e-01
   4.6560364158276885e-01
   4.8422778724607957e-01
   5.0285193290939045e-01
   5.2147607857270117e-01
   5.4010022423601201e-01
   5.5872436989932250e-01
   5.7734851556263345e-01
   5.7734851556263345e-01
   5.5872436989932261e-01
   5.4010022423601201e-01
   5.2147607857270128e-01
   5.0285193290939045e-01
   4.8422778724607973e-01
   4.6560364158276890e-01
   4.4697949591945813e-01
   4.2835535025614746e-01
   4.0973120459283663e-01
   3.9110705892952596e-01
   3.7248291326621519e-01
   3.5385876760290441e-01
   3.3523462193959369e-01
   3.1661047627628280e-01
   2.9798633061297219e-01
   2.7936218494966125e-01
   2.6073803928635064e-01
   2.4211389362303992e-01
   2.2348974795972906e-01
   2.0486560229641840e-01
   1.8624145663310748e-01
   1.6761731096979685e-01
   1.4899316530648621e-01
   1.3036901964317532e-01
   1.1174487397986464e-01
   9.3120728316553741e-02
   7.4496582653243104e-02
   5.5872436989932363e-02
   3.7248291326621552e-02
   1.8624145663310811e-02
   0.0000000000000000e+00
