   3.2000000000000000e+01   1.0000000000000000e+00
   0.0000000000000000e+00
   1.1732984977495284e-02
   2.3465969954990604e-02
   3.5198954932485906e-02
   4.6931939909981180e-02
   5.8664924887476474e-02
   7.0397909864971783e-02
   8.2130894842467078e-02
   9.3863879819962373e-02
   1.0559686479745765e-01
   1.1732984977495295e-01
   1.2906283475244826e-01
   1.4079581972994354e-01
   1.5252880470743885e-01
   1.6426178968493413e-01
   1.7599477466242941e-01
   1.7599477466242941e-01
   1.6426178968493410e-01
   1.5252880470743885e-01
   1.4079581972994351e-01
   1.2906283475244826e-01
   1.1732984977495295e-01
   1.0559686479745764e-01
   9.3863879819962359e-02
   8.2130894842467037e-02
   7.0397909864971783e-02
   5.8664924887476474e-02
   4.6931939909981180e-02
   3.5198954932485871e-02
   2.3465969954990569e-02
   1.1732984977495321e-02
   0.0000000000000000e+00
