   6.4000000000000000e+01   1.0000000000000000e+00
   0.0000000000000000e+00
   2.0879526646955904e-02
   4.1759053293911809e-02
   6.2638579940867731e-02
   8.3518106587823618e-02
   1.0439763323477955e-01
   1.2527715988173546e-01
   1.4615668652869138e-01
   1.6703621317564729e-01
   1.8791573982260315e-01
   2.0879526646955907e-01
   2.2967479311651498e-01
   2.5055431976347092e-01
   2.7143384641042684e-01
   2.9231337305738270e-01
   3.1319289970433861e-01
   3.3407242635129447e-01
   3.5495195299825039e-01
   3.7583147964520630e-01
   3.9671100629216227e-01
   4.1759053293911813e-01
   4.3847005958607405e-01
   4.5934958623302996e-01
   4.8022911287998582e-01
   5.0110863952694185e-01
   5.2198816617389765e-01
   5.4286769282085368e-01
   5.6374721946780948e-01
   5.8462674611476539e-01
   6.0550627276172142e-01
   6.2638579940867722e-01
   6.4726532605563314e-01
   6.6814485270258916e-01
   6.8902437934954486e-01
   7.0990390599650077e-01
   7.3078343264345669e-01
   7.5166295929041249e-01
   7.7254248593736852e-01
   7.9342201258432443e-01
   8.1430153923128024e-01
   8.3518106587823626e-01
   8.5606059252519207e-01
   8.7694011917214809e-01
   8.9781964581910390e-01
   9.1869917246605992e-01
   9.3957869911301573e-01
   9.6045822575997164e-01
   9.8133775240692755e-01
   1.0022172790538837e+00
   1.0230968057008392e+00
   1.0439763323477951e+00
   1.0648558589947512e+00
   1.0857353856417071e+00
   1.1066149122886630e+00
   1.1274944389356187e+00
   1.1483739655825749e+00
   1.1692534922295308e+00
   1.1901330188764865e+00
   1.2110125455234426e+00
   1.2318920721703983e+00
   1.2527715988173544e+00
   1.2736511254643101e+00
   1.2945306521112661e+00
   1.3154101787582222e+00
