   6.4000000000000000e+01   1.0000000000000000e+00
   0.0000000000000000e+00
   1.1732984977495297e-02
   2.3465969954990590e-02
   3.5198954932485878e-02
   4.6931939909981180e-02
   5.8664924887476468e-02
   7.0397909864971769e-02
   8.2130894842467050e-02
   9.3863879819962373e-02
   1.0559686479745764e-01
   1.1732984977495294e-01
   1.2906283475244826e-01
   1.4079581972994351e-01
   1.5252880470743882e-01
   1.6426178968493413e-01
   1.7599477466242938e-01
   1.8772775963992472e-01
   1.9946074461742003e-01
   2.1119372959491522e-01
   2.2292671457241056e-01
   2.3465969954990590e-01
   2.4639268452740118e-01
   2.5812566950489652e-01
   2.6985865448239177e-01
   2.8159163945988708e-01
   2.9332462443738239e-01
   3.0505760941487758e-01
   3.1679059439237295e-01
   3.2852357936986820e-01
   3.4025656434736351e-01
   3.5198954932485882e-01
   3.6372253430235413e-01
   3.7545551927984949e-01
   3.8718850425734475e-01
   3.9892148923484005e-01
   4.1065447421233525e-01
   4.2238745918983056e-01
   4.3412044416732593e-01
   4.4585342914482112e-01
   4.5758641412231643e-01
   4.6931939909981174e-01
   4.8105238407730710e-01
   4.9278536905480236e-01
   5.0451835403229761e-01
   5.1625133900979303e-01
   5.2798432398728812e-01
   5.3971730896478354e-01
   5.5145029394227874e-01
   5.6318327891977404e-01
   5.7491626389726946e-01
   5.8664924887476477e-01
   5.9838223385226008e-01
   6.1011521882975528e-01
   6.2184820380725070e-01
   6.3358118878474601e-01
   6.4531417376224109e-01
   6.5704715873973640e-01
   6.6878014371723171e-01
   6.8051312869472702e-01
   6.9224611367222244e-01
   7.0397909864971764e-01
   7.1571208362721295e-01
   7.2744506860470826e-01
   7.3917805358220345e-01
