   6.4000000000000000e+01   1.0000000000000000e+00
   0.0000000000000000e+00
   3.5966090845799541e-02
   7.1089250451049552e-02
   1.0534639466320198e-01
   1.3871418955980855e-01
   1.7116909429693736e-01
   2.0268740847419370e-01
   2.3324532409914175e-01
   2.6281898219035499e-01
   2.9138453400830300e-01
   3.1891820684665501e-01
   3.4539637425382125e-01
   3.7079563048595299e-01
   3.9509286891905576e-01
   4.1826536407021148e-01
   4.4029085679745483e-01
   4.6114764216612680e-01
   4.8081465938826257e-01
   4.9927158316283093e-01
   5.1649891567055406e-01
   5.3247807840992956e-01
   5.4719150300336572e-01
   5.6062272005629099e-01
   5.7275644512000345e-01
   5.8357866079281928e-01
   5.9307669399547058e-01
   6.0123928747687494e-01
   6.0805666464612562e-01
   6.1352058688590072e-01
   6.1762440258102869e-01
   6.2036308719243605e-01
   6.2173327381938448e-01
   6.2173327381938448e-01
   6.2036308719243605e-01
   6.1762440258102869e-01
   6.1352058688590072e-01
   6.0805666464612562e-01
   6.0123928747687561e-01
   5.9307669399547058e-01
   5.8357866079281928e-01
   5.7275644512000345e-01
   5.6062272005629099e-01
   5.4719150300336572e-01
   5.3247807840992956e-01
   5.1649891567055406e-01
   4.9927158316283093e-01
   4.8081465938826257e-01
   4.6114764216612680e-01
   4.4029085679745483e-01
   4.1826536407021148e-01
   3.9509286891905576e-01
   3.7079563048595299e-01
   3.4539637425382125e-01
   3.1891820684665501e-01
   2.9138453400830300e-01
   2.6281898219035560e-01
   2.3324532409914175e-01
   2.0268740847419431e-01
   1.7116909429693736e-01
   1.3871418955980913e-01
   1.0534639466320198e-01
   7.1089250451049552e-02
   3.5966090845799541e-02
   0.0000000000000000e+00
