   3.6000000000000000e+01   1.0000000000000000e+00
   0.0000000000000000e+00
   1.4048087217416160e-02
   2.8096174434832321e-02
   4.2144261652248521e-02
   5.6192348869664684e-02
   7.0240436087080846e-02
   8.4288523304497043e-02
   9.8336610521913226e-02
   1.1238469773932938e-01
   1.2643278495674554e-01
   1.4048087217416175e-01
   1.5452895939157790e-01
   1.6857704660899409e-01
   1.8262513382641021e-01
   1.9667322104382642e-01
   2.1072130826124258e-01
   2.2476939547865876e-01
   2.3881748269607495e-01
   2.3881748269607495e-01
   2.2476939547865873e-01
   2.1072130826124258e-01
   1.9667322104382642e-01
   1.8262513382641019e-01
   1.6857704660899400e-01
   1.5452895939157782e-01
   1.4048087217416175e-01
   1.2643278495674551e-01
   1.1238469773932934e-01
   9.8336610521913170e-02
   8.4288523304496960e-02
   7.0240436087080846e-02
   5.6192348869664684e-02
   4.2144261652248480e-02
   2.8096174434832286e-02
   1.4048087217416122e-02
   0.0000000000000000e+00
