   3.6000000000000000e+01   1.0000000000000000e+00
   0.0000000000000000e+00
   1.4048087217416173e-02
   2.8096174434832349e-02
   4.2144261652248521e-02
   5.6192348869664691e-02
   7.0240436087080874e-02
   8.4288523304497043e-02
   9.8336610521913226e-02
   1.1238469773932938e-01
   1.2643278495674556e-01
   1.4048087217416175e-01
   1.5452895939157790e-01
   1.6857704660899409e-01
   1.8262513382641021e-01
   1.9667322104382645e-01
   2.1072130826124261e-01
   2.2476939547865876e-01
   2.3881748269607495e-01
   2.5286556991349113e-01
   2.6691365713090726e-01
   2.8096174434832349e-01
   2.9500983156573962e-01
   3.0905791878315581e-01
   3.2310600600057199e-01
   3.3715409321798823e-01
   3.5120218043540435e-01
   3.6525026765282048e-01
   3.7929835487023672e-01
   3.9334644208765290e-01
   4.0739452930506909e-01
   4.2144261652248521e-01
   4.3549070373990134e-01
   4.4953879095731758e-01
   4.6358687817473376e-01
   4.7763496539214989e-01
   4.9168305260956613e-01
