   2.2000000000000000e+01   1.0000000000000000e+00
   4.8529885201615153e-01
   4.6218938287252531e-01
   4.3907991372889899e-01
   4.1597044458527277e-01
   3.9286097544164650e-01
   3.6975150629802028e-01
   3.4664203715439396e-01
   3.2353256801076768e-01
   3.0042309886714147e-01
   2.7731362972351520e-01
   2.5420416057988893e-01
   2.3109469143626260e-01
   2.0798522229263636e-01
   1.8487575314901014e-01
   1.6176628400538384e-01
   1.3865681486175757e-01
   1.1554734571813130e-01
   9.2437876574505043e-02
   6.9328407430878786e-02
   4.6218938287252521e-02
   2.3109469143626261e-02
   0.0000000000000000e+00
