   6.4000000000000000e+01   1.0000000000000000e+00
   0.0000000000000000e+00
   2.8555287955452670e-02
   5.7110575910905334e-02
   8.5665863866358008e-02
   1.1422115182181065e-01
   1.4277643977726334e-01
   1.7133172773271604e-01
   1.9988701568816872e-01
   2.2844230364362134e-01
   2.5699759159907398e-01
   2.8555287955452668e-01
   3.1410816750997933e-01
   3.4266345546543209e-01
   3.7121874342088473e-01
   3.9977403137633744e-01
   4.2832931933179003e-01
   4.5688460728724267e-01
   4.8543989524269537e-01
   5.1399518319814796e-01
   5.4255047115360078e-01
   5.7110575910905348e-01
   5.9966104706450607e-01
   6.2821633501995877e-01
   6.5677162297541136e-01
   6.8532691093086417e-01
   7.1388219888631677e-01
   7.4243748684176925e-01
   7.7099277479722217e-01
   7.9954806275267487e-01
   8.2810335070812757e-01
   8.5665863866358005e-01
   8.8521392661903264e-01
   9.1376921457448534e-01
   9.4232450252993805e-01
   9.7087979048539075e-01
   9.9943507844084323e-01
   1.0279903663962959e+00
   1.0565456543517486e+00
   1.0851009423072016e+00
   1.1136562302626543e+00
   1.1422115182181067e+00
   1.1707668061735594e+00
   1.1993220941290121e+00
   1.2278773820844644e+00
   1.2564326700399173e+00
   1.2849879579953700e+00
   1.3135432459508227e+00
   1.3420985339062754e+00
   1.3706538218617281e+00
   1.3992091098171806e+00
   1.4277643977726335e+00
   1.4563196857280858e+00
   1.4848749736835385e+00
   1.5134302616389912e+00
   1.5419855495944439e+00
   1.5705408375498966e+00
   1.5990961255053493e+00
   1.6276514134608020e+00
   1.6562067014162547e+00
   1.6847619893717072e+00
   1.7133172773271599e+00
   1.7418725652826124e+00
   1.7704278532380651e+00
   1.7989831411935182e+00
