   6.4000000000000000e+01   1.0000000000000000e+00
   0.0000000000000000e+00
   2.3109469143626334e-02
   4.6218938287252521e-02
   6.9328407430878716e-02
   9.2437876574505043e-02
   1.1554734571813130e-01
   1.3865681486175757e-01
   1.6176628400538390e-01
   1.8487575314901009e-01
   2.0798522229263636e-01
   2.3109469143626260e-01
   2.5420416057988898e-01
   2.7731362972351525e-01
   3.0042309886714147e-01
   3.2353256801076774e-01
   3.4664203715439396e-01
   3.6975150629802028e-01
   3.9286097544164650e-01
   4.1597044458527277e-01
   4.3907991372889899e-01
   4.6218938287252531e-01
   4.8529885201615153e-01
   5.0840832115977797e-01
   5.3151779030340407e-01
   5.5462725944703051e-01
   5.7773672859065650e-01
   6.0084619773428294e-01
   6.2395566687790915e-01
   6.4706513602153548e-01
   6.7017460516516170e-01
   6.9328407430878791e-01
   7.1639354345241413e-01
   7.1639354345241435e-01
   6.9328407430878791e-01
   6.7017460516516170e-01
   6.4706513602153559e-01
   6.2395566687790927e-01
   6.0084619773428305e-01
   5.7773672859065672e-01
   5.5462725944703051e-01
   5.3151779030340418e-01
   5.0840832115977797e-01
   4.8529885201615164e-01
   4.6218938287252553e-01
   4.3907991372889910e-01
   4.1597044458527294e-01
   3.9286097544164650e-01
   3.6975150629802034e-01
   3.4664203715439396e-01
   3.2353256801076780e-01
   3.0042309886714164e-01
   2.7731362972351525e-01
   2.5420416057988904e-01
   2.3109469143626260e-01
   2.0798522229263641e-01
   1.8487575314901025e-01
   1.6176628400538390e-01
   1.3865681486175774e-01
   1.1554734571813130e-01
   9.2437876574505126e-02
   6.9328407430878924e-02
   4.6218938287252521e-02
   2.3109469143626334e-02
   0.0000000000000000e+00
