   6.4000000000000000e+01   1.0000000000000000e+00
   1.7989831411935182e+00
   1.7704278532380653e+00
   1.7418725652826128e+00
   1.7133172773271601e+00
   1.6847619893717074e+00
   1.6562067014162551e+00
   1.6276514134608022e+00
   1.5990961255053497e+00
   1.5705408375498968e+00
   1.5419855495944443e+00
   1.5134302616389914e+00
   1.4848749736835389e+00
   1.4563196857280860e+00
   1.4277643977726335e+00
   1.3992091098171813e+00
   1.3706538218617283e+00
   1.3420985339062759e+00
   1.3135432459508227e+00
   1.2849879579953702e+00
   1.2564326700399175e+00
   1.2278773820844648e+00
   1.1993220941290121e+00
   1.1707668061735594e+00
   1.1422115182181070e+00
   1.1136562302626543e+00
   1.0851009423072018e+00
   1.0565456543517491e+00
   1.0279903663962962e+00
   9.9943507844084345e-01
   9.7087979048539075e-01
   9.4232450252993816e-01
   9.1376921457448546e-01
   8.8521392661903275e-01
   8.5665863866358027e-01
   8.2810335070812757e-01
   7.9954806275267498e-01
   7.7099277479722228e-01
   7.4243748684176958e-01
   7.1388219888631677e-01
   6.8532691093086417e-01
   6.5677162297541170e-01
   6.2821633501995877e-01
   5.9966104706450618e-01
   5.7110575910905370e-01
   5.4255047115360089e-01
   5.1399518319814819e-01
   4.8543989524269537e-01
   4.5688460728724273e-01
   4.2832931933179014e-01
   3.9977403137633749e-01
   3.7121874342088479e-01
   3.4266345546543214e-01
   3.1410816750997950e-01
   2.8555287955452685e-01
   2.5699759159907420e-01
   2.2844230364362156e-01
   1.9988701568816888e-01
   1.7133172773271621e-01
   1.4277643977726356e-01
   1.1422115182181092e-01
   8.5665863866358258e-02
   5.7110575910905605e-02
   2.8555287955452955e-02
   0.0000000000000000e+00
