   6.4000000000000000e+01   1.0000000000000000e+00
   0.0000000000000000e+00
   3.8938522570211506e-02
   7.7024521402668508e-02
   1.1423047899198617e-01
   1.5052835849837057e-01
   1.8588964818776327e-01
   2.2028541293533721e-01
   2.5368635315757448e-01
   2.8606287148675075e-01
   3.1738514743585849e-01
   3.4762322022062003e-01
   3.7674707980782984e-01
   4.0472676614538317e-01
   4.3153247639942405e-01
   4.5713467987886003e-01
   4.8150424016873222e-01
   5.0461254382392828e-01
   5.2643163479676958e-01
   5.4693435359012155e-01
   5.6609447994675011e-01
   5.8388687771132264e-01
   6.0028764033983006e-01
   6.1527423538886261e-01
   6.2882564620075043e-01
   6.4092250891640234e-01
   6.5154724290173660e-01
   6.6068417267062429e-01
   6.6831963943109829e-01
   6.7444210047406605e-01
   6.7904221476527038e-01
   6.8211291328982737e-01
   6.8364945293054435e-01
   6.8364945293054435e-01
   6.8211291328982737e-01
   6.7904221476527038e-01
   6.7444210047406605e-01
   6.6831963943109829e-01
   6.6068417267062496e-01
   6.5154724290173660e-01
   6.4092250891640234e-01
   6.2882564620075043e-01
   6.1527423538886261e-01
   6.0028764033983006e-01
   5.8388687771132330e-01
   5.6609447994675011e-01
   5.4693435359012221e-01
   5.2643163479676958e-01
   5.0461254382392828e-01
   4.8150424016873222e-01
   4.5713467987886003e-01
   4.3153247639942405e-01
   4.0472676614538317e-01
   3.7674707980782984e-01
   3.4762322022062003e-01
   3.1738514743585849e-01
   2.8606287148675141e-01
   2.5368635315757448e-01
   2.2028541293533721e-01
   1.8588964818776327e-01
   1.5052835849837057e-01
   1.1423047899198617e-01
   7.7024521402668508e-02
   3.8938522570212103e-02
   0.0000000000000000e+00
