   6.4000000000000000e+01   1.0000000000000000e+00
   0.0000000000000000e+00
   2.4214050644952731e-02
   4.8428101289905448e-02
   7.2642151934858179e-02
   9.6856202579810896e-02
   1.2107025322476361e-01
   1.4528430386971636e-01
   1.6949835451466910e-01
   1.9371240515962179e-01
   2.1792645580457451e-01
   2.4214050644952723e-01
   2.6635455709447997e-01
   2.9056860773943266e-01
   3.1478265838438535e-01
   3.3899670902933821e-01
   3.6321075967429084e-01
   3.8742481031924358e-01
   4.1163886096419633e-01
   4.3585291160914902e-01
   4.6006696225410182e-01
   4.8428101289905445e-01
   5.0849506354400720e-01
   5.3270911418895994e-01
   5.5692316483391258e-01
   5.8113721547886532e-01
   6.0535126612381795e-01
   6.2956531676877070e-01
   6.5377936741372344e-01
   6.7799341805867641e-01
   7.0220746870362905e-01
   7.2642151934858168e-01
   7.5063556999353442e-01
   7.7484962063848717e-01
   7.9906367128343991e-01
   8.2327772192839266e-01
   8.4749177257334518e-01
   8.7170582321829804e-01
   8.9591987386325067e-01
   9.2013392450820364e-01
   9.4434797515315616e-01
   9.6856202579810891e-01
   9.9277607644306165e-01
   1.0169901270880144e+00
   1.0412041777329670e+00
   1.0654182283779199e+00
   1.0896322790228723e+00
   1.1138463296678254e+00
   1.1380603803127778e+00
   1.1622744309577306e+00
   1.1864884816026833e+00
   1.2107025322476359e+00
   1.2349165828925888e+00
   1.2591306335375414e+00
   1.2833446841824943e+00
   1.3075587348274471e+00
   1.3317727854723995e+00
   1.3559868361173524e+00
   1.3802008867623048e+00
   1.4044149374072581e+00
   1.4286289880522105e+00
   1.4528430386971631e+00
   1.4770570893421158e+00
   1.5012711399870688e+00
   1.5254851906320213e+00
