   6.4000000000000000e+01   1.0000000000000000e+00
   7.1639354345241435e-01
   6.9328407430878791e-01
   6.7017460516516170e-01
   6.4706513602153548e-01
   6.2395566687790915e-01
   6.0084619773428305e-01
   5.7773672859065650e-01
   5.5462725944703051e-01
   5.3151779030340407e-01
   5.0840832115977797e-01
   4.8529885201615164e-01
   4.6218938287252531e-01
   4.3907991372889899e-01
   4.1597044458527282e-01
   3.9286097544164650e-01
   3.6975150629802034e-01
   3.4664203715439396e-01
   3.2353256801076774e-01
   3.0042309886714152e-01
   2.7731362972351525e-01
   2.5420416057988904e-01
   2.3109469143626277e-01
   2.0798522229263647e-01
   1.8487575314901017e-01
   1.6176628400538390e-01
   1.3865681486175774e-01
   1.1554734571813143e-01
   9.2437876574505140e-02
   6.9328407430878869e-02
   4.6218938287252570e-02
   2.3109469143626393e-02
   1.0314572019321554e-16
   0.0000000000000000e+00
   2.3109469143626288e-02
   4.6218938287252570e-02
   6.9328407430878758e-02
   9.2437876574505043e-02
   1.1554734571813133e-01
   1.3865681486175763e-01
   1.6176628400538390e-01
   1.8487575314901009e-01
   2.0798522229263647e-01
   2.3109469143626266e-01
   2.5420416057988887e-01
   2.7731362972351525e-01
   3.0042309886714141e-01
   3.2353256801076780e-01
   3.4664203715439396e-01
   3.6975150629802034e-01
   3.9286097544164650e-01
   4.1597044458527271e-01
   4.3907991372889910e-01
   4.6218938287252531e-01
   4.8529885201615164e-01
   5.0840832115977797e-01
   5.3151779030340407e-01
   5.5462725944703051e-01
   5.7773672859065650e-01
   6.0084619773428305e-01
   6.2395566687790915e-01
   6.4706513602153537e-01
   6.7017460516516170e-01
   6.9328407430878791e-01
   7.1639354345241435e-01
