   6.4000000000000000e+01   1.0000000000000000e+00
   0.0000000000000000e+00
   2.3109469143626271e-02
   4.6218938287252535e-02
   6.9328407430878813e-02
   9.2437876574505071e-02
   1.1554734571813134e-01
   1.3865681486175763e-01
   1.6176628400538387e-01
   1.8487575314901014e-01
   2.0798522229263638e-01
   2.3109469143626266e-01
   2.5420416057988898e-01
   2.7731362972351525e-01
   3.0042309886714147e-01
   3.2353256801076780e-01
   3.4664203715439390e-01
   3.6975150629802028e-01
   3.9286097544164650e-01
   4.1597044458527277e-01
   4.3907991372889899e-01
   4.6218938287252520e-01
   4.8529885201615142e-01
   5.0840832115977785e-01
   5.3151779030340407e-01
   5.5462725944703040e-01
   5.7773672859065650e-01
   6.0084619773428294e-01
   6.2395566687790904e-01
   6.4706513602153537e-01
   6.7017460516516170e-01
   6.9328407430878791e-01
   7.1639354345241413e-01
   7.3950301259604057e-01
   7.6261248173966678e-01
   7.8572195088329300e-01
   8.0883142002691932e-01
   8.3194088917054554e-01
   8.5505035831417187e-01
   8.7815982745779797e-01
   9.0126929660142452e-01
   9.2437876574505062e-01
   9.4748823488867695e-01
   9.7059770403230305e-01
   9.9370717317592938e-01
   1.0168166423195559e+00
   1.0399261114631819e+00
   1.0630355806068081e+00
   1.0861450497504344e+00
   1.1092545188940610e+00
   1.1323639880376870e+00
   1.1554734571813130e+00
   1.1785829263249397e+00
   1.2016923954685659e+00
   1.2248018646121921e+00
   1.2479113337558183e+00
   1.2710208028994447e+00
   1.2941302720430710e+00
   1.3172397411866970e+00
   1.3403492103303234e+00
   1.3634586794739498e+00
   1.3865681486175758e+00
   1.4096776177612020e+00
   1.4327870869048283e+00
   1.4558965560484547e+00
