   6.4000000000000000e+01   1.0000000000000000e+00
   1.5046564296008924e+00
   1.4807729942104020e+00
   1.4568895588199113e+00
   1.4330061234294211e+00
   1.4091226880389309e+00
   1.3852392526484403e+00
   1.3613558172579501e+00
   1.3374723818674599e+00
   1.3135889464769692e+00
   1.2897055110864790e+00
   1.2658220756959888e+00
   1.2419386403054982e+00
   1.2180552049150080e+00
   1.1941717695245178e+00
   1.1702883341340271e+00
   1.1464048987435369e+00
   1.1225214633530465e+00
   1.0986380279625563e+00
   1.0747545925720661e+00
   1.0508711571815754e+00
   1.0269877217910850e+00
   1.0031042864005948e+00
   9.7922085101010425e-01
   9.5533741561961405e-01
   9.3145398022912373e-01
   9.0757054483863342e-01
   8.8368710944814299e-01
   8.5980367405765268e-01
   8.3592023866716225e-01
   8.1203680327667194e-01
   7.8815336788618151e-01
   7.6426993249569142e-01
   7.4038649710520099e-01
   7.1650306171471057e-01
   6.9261962632422014e-01
   6.6873619093372993e-01
   6.4485275554323951e-01
   6.2096932015274908e-01
   5.9708588476225888e-01
   5.7320244937176845e-01
   5.4931901398127825e-01
   5.2543557859078771e-01
   5.0155214320029740e-01
   4.7766870780980708e-01
   4.5378527241931665e-01
   4.2990183702882639e-01
   4.0601840163833597e-01
   3.8213496624784576e-01
   3.5825153085735523e-01
   3.3436809546686497e-01
   3.1048466007637471e-01
   2.8660122468588417e-01
   2.6271778929539391e-01
   2.3883435390490351e-01
   2.1495091851441328e-01
   1.9106748312392305e-01
   1.6718404773343248e-01
   1.4330061234294209e-01
   1.1941717695245185e-01
   9.5533741561961594e-02
   7.1650306171471348e-02
   4.7766870780980797e-02
   2.3883435390490548e-02
   0.0000000000000000e+00
