   6.4000000000000000e+01   1.0000000000000000e+00
   0.0000000000000000e+00
   2.3662660895909966e-02
   4.7325321791819926e-02
   7.0987982687729892e-02
   9.4650643583639851e-02
   1.1831330447954981e-01
   1.4197596537545981e-01
   1.6563862627136974e-01
   1.8930128716727973e-01
   2.1296394806318966e-01
   2.3662660895909962e-01
   2.6028926985500961e-01
   2.8395193075091962e-01
   3.0761459164682953e-01
   3.3127725254273949e-01
   3.5493991343864956e-01
   3.7860257433455946e-01
   4.0226523523046942e-01
   4.2592789612637938e-01
   4.4959055702228928e-01
   4.7325321791819924e-01
   4.9691587881410926e-01
   5.2057853971001911e-01
   5.4424120060592918e-01
   5.6790386150183925e-01
   5.9156652239774909e-01
   6.1522918329365905e-01
   6.3889184418956901e-01
   6.6255450508547897e-01
   6.8621716598138904e-01
   7.0987982687729889e-01
   7.3354248777320874e-01
   7.5720514866911881e-01
   7.8086780956502877e-01
   8.0453047046093873e-01
   8.2819313135684858e-01
   8.5185579225275865e-01
   8.7551845314866850e-01
   8.9918111404457846e-01
   9.2284377494048864e-01
   9.4650643583639826e-01
   9.7016909673230867e-01
   9.9383175762821852e-01
   1.0174944185241284e+00
   1.0411570794200382e+00
   1.0648197403159483e+00
   1.0884824012118581e+00
   1.1121450621077682e+00
   1.1358077230036783e+00
   1.1594703838995881e+00
   1.1831330447954980e+00
   1.2067957056914080e+00
   1.2304583665873179e+00
   1.2541210274832282e+00
   1.2777836883791380e+00
   1.3014463492750479e+00
   1.3251090101709579e+00
   1.3487716710668678e+00
   1.3724343319627783e+00
   1.3960969928586882e+00
   1.4197596537545978e+00
   1.4434223146505081e+00
   1.4670849755464179e+00
   1.4907476364423278e+00
