   3.2000000000000000e+01   1.0000000000000000e+00
   7.5063556999353442e-01
   7.2642151934858168e-01
   7.0220746870362905e-01
   6.7799341805867619e-01
   6.5377936741372344e-01
   6.2956531676877070e-01
   6.0535126612381784e-01
   5.8113721547886521e-01
   5.5692316483391258e-01
   5.3270911418895983e-01
   5.0849506354400709e-01
   4.8428101289905445e-01
   4.6006696225410160e-01
   4.3585291160914885e-01
   4.1163886096419627e-01
   3.8742481031924353e-01
   3.6321075967429084e-01
   3.3899670902933809e-01
   3.1478265838438535e-01
   2.9056860773943261e-01
   2.6635455709447986e-01
   2.4214050644952723e-01
   2.1792645580457443e-01
   1.9371240515962174e-01
   1.6949835451466899e-01
   1.4528430386971627e-01
   1.2107025322476361e-01
   9.6856202579810868e-02
   7.2642151934858026e-02
   4.8428101289905351e-02
   2.4214050644952675e-02
   0.0000000000000000e+00
