   6.4000000000000000e+01   1.0000000000000000e+00
   0.0000000000000000e+00
   2.3883435390490398e-02
   4.7766870780980797e-02
   7.1650306171471043e-02
   9.5533741561961344e-02
   1.1941717695245176e-01
   1.4330061234294214e-01
   1.6718404773343248e-01
   1.9106748312392280e-01
   2.1495091851441311e-01
   2.3883435390490351e-01
   2.6271778929539386e-01
   2.8660122468588423e-01
   3.1048466007637454e-01
   3.3436809546686497e-01
   3.5825153085735528e-01
   3.8213496624784560e-01
   4.0601840163833597e-01
   4.2990183702882634e-01
   4.5378527241931665e-01
   4.7766870780980702e-01
   5.0155214320029740e-01
   5.2543557859078771e-01
   5.4931901398127814e-01
   5.7320244937176845e-01
   5.9708588476225877e-01
   6.2096932015274908e-01
   6.4485275554323940e-01
   6.6873619093372993e-01
   6.9261962632422014e-01
   7.1650306171471045e-01
   7.4038649710520088e-01
   7.4038649710520099e-01
   7.1650306171471057e-01
   6.9261962632422014e-01
   6.6873619093372993e-01
   6.4485275554323962e-01
   6.2096932015274919e-01
   5.9708588476225888e-01
   5.7320244937176845e-01
   5.4931901398127825e-01
   5.2543557859078771e-01
   5.0155214320029740e-01
   4.7766870780980708e-01
   4.5378527241931671e-01
   4.2990183702882651e-01
   4.0601840163833597e-01
   3.8213496624784576e-01
   3.5825153085735528e-01
   3.3436809546686497e-01
   3.1048466007637471e-01
   2.8660122468588423e-01
   2.6271778929539397e-01
   2.3883435390490351e-01
   2.1495091851441328e-01
   1.9106748312392297e-01
   1.6718404773343248e-01
   1.4330061234294222e-01
   1.1941717695245176e-01
   9.5533741561961524e-02
   7.1650306171471181e-02
   4.7766870780980797e-02
   2.3883435390490548e-02
   0.0000000000000000e+00
