   6.4000000000000000e+01   1.0000000000000000e+00
   0.0000000000000000e+00
   2.8555287955452653e-02
   5.7110575910905306e-02
   8.5665863866357966e-02
   1.1422115182181061e-01
   1.4277643977726329e-01
   1.7133172773271607e-01
   1.9988701568816875e-01
   2.2844230364362123e-01
   2.5699759159907398e-01
   2.8555287955452663e-01
   3.1410816750997933e-01
   3.4266345546543203e-01
   3.7121874342088462e-01
   3.9977403137633744e-01
   4.2832931933178997e-01
   4.5688460728724267e-01
   4.8543989524269532e-01
   5.1399518319814796e-01
   5.4255047115360067e-01
   5.7110575910905337e-01
   5.9966104706450607e-01
   6.2821633501995866e-01
   6.5677162297541136e-01
   6.8532691093086406e-01
   7.1388219888631677e-01
   7.4243748684176925e-01
   7.7099277479722195e-01
   7.9954806275267487e-01
   8.2810335070812757e-01
   8.5665863866357994e-01
   8.8521392661903253e-01
   8.8521392661903264e-01
   8.5665863866358005e-01
   8.2810335070812757e-01
   7.9954806275267487e-01
   7.7099277479722217e-01
   7.4243748684176947e-01
   7.1388219888631677e-01
   6.8532691093086406e-01
   6.5677162297541147e-01
   6.2821633501995866e-01
   5.9966104706450607e-01
   5.7110575910905359e-01
   5.4255047115360078e-01
   5.1399518319814819e-01
   4.8543989524269532e-01
   4.5688460728724273e-01
   4.2832931933178997e-01
   3.9977403137633744e-01
   3.7121874342088490e-01
   3.4266345546543203e-01
   3.1410816750997950e-01
   2.8555287955452663e-01
   2.5699759159907409e-01
   2.2844230364362156e-01
   1.9988701568816875e-01
   1.7133172773271607e-01
   1.4277643977726329e-01
   1.1422115182181078e-01
   8.5665863866358258e-02
   5.7110575910905306e-02
   2.8555287955452802e-02
   0.0000000000000000e+00
