   6.4000000000000000e+01   1.0000000000000000e+00
   1.4907476364423278e+00
   1.4670849755464179e+00
   1.4434223146505079e+00
   1.4197596537545978e+00
   1.3960969928586882e+00
   1.3724343319627781e+00
   1.3487716710668678e+00
   1.3251090101709579e+00
   1.3014463492750479e+00
   1.2777836883791380e+00
   1.2541210274832280e+00
   1.2304583665873181e+00
   1.2067957056914080e+00
   1.1831330447954982e+00
   1.1594703838995881e+00
   1.1358077230036783e+00
   1.1121450621077684e+00
   1.0884824012118581e+00
   1.0648197403159483e+00
   1.0411570794200382e+00
   1.0174944185241284e+00
   9.9383175762821852e-01
   9.7016909673230867e-01
   9.4650643583639849e-01
   9.2284377494048864e-01
   8.9918111404457846e-01
   8.7551845314866861e-01
   8.5185579225275876e-01
   8.2819313135684880e-01
   8.0453047046093873e-01
   7.8086780956502877e-01
   7.5720514866911892e-01
   7.3354248777320896e-01
   7.0987982687729889e-01
   6.8621716598138904e-01
   6.6255450508547897e-01
   6.3889184418956901e-01
   6.1522918329365917e-01
   5.9156652239774909e-01
   5.6790386150183902e-01
   5.4424120060592929e-01
   5.2057853971001911e-01
   4.9691587881410926e-01
   4.7325321791819930e-01
   4.4959055702228923e-01
   4.2592789612637938e-01
   4.0226523523046936e-01
   3.7860257433455946e-01
   3.5493991343864945e-01
   3.3127725254273949e-01
   3.0761459164682964e-01
   2.8395193075091946e-01
   2.6028926985500972e-01
   2.3662660895909948e-01
   2.1296394806318961e-01
   1.8930128716727973e-01
   1.6563862627136969e-01
   1.4197596537545992e-01
   1.1831330447954959e-01
   9.4650643583639865e-02
   7.0987982687730128e-02
   4.7325321791819773e-02
   2.3662660895910039e-02
   0.0000000000000000e+00
