   6.4000000000000000e+01   1.0000000000000000e+00
   0.0000000000000000e+00
   2.3662660895910039e-02
   4.7325321791819933e-02
   7.0987982687729961e-02
   9.4650643583639948e-02
   1.1831330447954982e-01
   1.4197596537545984e-01
   1.6563862627136974e-01
   1.8930128716727973e-01
   2.1296394806318977e-01
   2.3662660895909957e-01
   2.6028926985500972e-01
   2.8395193075091968e-01
   3.0761459164682958e-01
   3.3127725254273949e-01
   3.5493991343864956e-01
   3.7860257433455946e-01
   4.0226523523046942e-01
   4.2592789612637938e-01
   4.4959055702228928e-01
   4.7325321791819924e-01
   4.9691587881410926e-01
   5.2057853971001922e-01
   5.4424120060592907e-01
   5.6790386150183925e-01
   5.9156652239774909e-01
   6.1522918329365905e-01
   6.3889184418956901e-01
   6.6255450508547897e-01
   6.8621716598138904e-01
   7.0987982687729889e-01
   7.3354248777320896e-01
   7.3354248777320907e-01
   7.0987982687729911e-01
   6.8621716598138904e-01
   6.6255450508547908e-01
   6.3889184418956912e-01
   6.1522918329365917e-01
   5.9156652239774909e-01
   5.6790386150183925e-01
   5.4424120060592929e-01
   5.2057853971001922e-01
   4.9691587881410937e-01
   4.7325321791819952e-01
   4.4959055702228928e-01
   4.2592789612637955e-01
   4.0226523523046942e-01
   3.7860257433455952e-01
   3.5493991343864945e-01
   3.3127725254273949e-01
   3.0761459164682975e-01
   2.8395193075091962e-01
   2.6028926985500972e-01
   2.3662660895909957e-01
   2.1296394806318977e-01
   1.8930128716727990e-01
   1.6563862627136974e-01
   1.4197596537545984e-01
   1.1831330447954982e-01
   9.4650643583639948e-02
   7.0987982687730045e-02
   4.7325321791819933e-02
   2.3662660895910039e-02
   0.0000000000000000e+00
