   2.2000000000000000e+01   1.0000000000000000e+00
   0.0000000000000000e+00
   2.3109469143626271e-02
   4.6218938287252535e-02
   6.9328407430878800e-02
   9.2437876574505071e-02
   1.1554734571813134e-01
   1.3865681486175763e-01
   1.6176628400538390e-01
   1.8487575314901014e-01
   2.0798522229263638e-01
   2.3109469143626266e-01
   2.5420416057988898e-01
   2.7731362972351525e-01
   3.0042309886714147e-01
   3.2353256801076774e-01
   3.4664203715439396e-01
   3.6975150629802028e-01
   3.9286097544164650e-01
   4.1597044458527277e-01
   4.3907991372889899e-01
   4.6218938287252531e-01
   4.8529885201615153e-01
