   6.4000000000000000e+01   1.0000000000000000e+00
   0.0000000000000000e+00
   2.4214050644952675e-02
   4.8428101289905510e-02
   7.2642151934858179e-02
   9.6856202579810868e-02
   1.2107025322476361e-01
   1.4528430386971636e-01
   1.6949835451466913e-01
   1.9371240515962174e-01
   2.1792645580457443e-01
   2.4214050644952723e-01
   2.6635455709447997e-01
   2.9056860773943272e-01
   3.1478265838438535e-01
   3.3899670902933821e-01
   3.6321075967429084e-01
   3.8742481031924358e-01
   4.1163886096419633e-01
   4.3585291160914902e-01
   4.6006696225410182e-01
   4.8428101289905445e-01
   5.0849506354400720e-01
   5.3270911418895994e-01
   5.5692316483391258e-01
   5.8113721547886543e-01
   6.0535126612381795e-01
   6.2956531676877070e-01
   6.5377936741372356e-01
   6.7799341805867641e-01
   7.0220746870362905e-01
   7.2642151934858168e-01
   7.5063556999353442e-01
   7.5063556999353453e-01
   7.2642151934858190e-01
   7.0220746870362905e-01
   6.7799341805867652e-01
   6.5377936741372356e-01
   6.2956531676877081e-01
   6.0535126612381807e-01
   5.8113721547886543e-01
   5.5692316483391269e-01
   5.3270911418895994e-01
   5.0849506354400720e-01
   4.8428101289905467e-01
   4.6006696225410182e-01
   4.3585291160914919e-01
   4.1163886096419633e-01
   3.8742481031924370e-01
   3.6321075967429084e-01
   3.3899670902933826e-01
   3.1478265838438552e-01
   2.9056860773943272e-01
   2.6635455709448003e-01
   2.4214050644952723e-01
   2.1792645580457454e-01
   1.9371240515962196e-01
   1.6949835451466913e-01
   1.4528430386971641e-01
   1.2107025322476361e-01
   9.6856202579811021e-02
   7.2642151934858332e-02
   4.8428101289905510e-02
   2.4214050644952828e-02
   0.0000000000000000e+00
