   6.4000000000000000e+01   1.0000000000000000e+00
   2.7361905006927016e+00
   2.6927589054436103e+00
   2.6493273101945203e+00
   2.6058957149454298e+00
   2.5624641196963389e+00
   2.5190325244472489e+00
   2.4756009291981580e+00
   2.4321693339490680e+00
   2.3887377386999771e+00
   2.3453061434508866e+00
   2.3018745482017962e+00
   2.2584429529527057e+00
   2.2150113577036152e+00
   2.1715797624545248e+00
   2.1281481672054343e+00
   2.0847165719563439e+00
   2.0412849767072534e+00
   1.9978533814581627e+00
   1.9544217862090723e+00
   1.9109901909599816e+00
   1.8675585957108916e+00
   1.8241270004618011e+00
   1.7806954052127104e+00
   1.7372638099636195e+00
   1.6938322147145293e+00
   1.6504006194654390e+00
   1.6069690242163484e+00
   1.5635374289672579e+00
   1.5201058337181672e+00
   1.4766742384690770e+00
   1.4332426432199865e+00
   1.3898110479708961e+00
   1.3463794527218051e+00
   1.3029478574727149e+00
   1.2595162622236244e+00
   1.2160846669745340e+00
   1.1726530717254433e+00
   1.1292214764763531e+00
   1.0857898812272624e+00
   1.0423582859781717e+00
   9.9892669072908180e-01
   9.5549509547999079e-01
   9.1206350023090055e-01
   8.6863190498181009e-01
   8.2520030973271952e-01
   7.8176871448362917e-01
   7.3833711923453849e-01
   6.9490552398544825e-01
   6.5147392873635723e-01
   6.0804233348726688e-01
   5.6461073823817687e-01
   5.2117914298908585e-01
   4.7774754773999550e-01
   4.3431595249090488e-01
   3.9088435724181458e-01
   3.4745276199272429e-01
   3.0402116674363361e-01
   2.6058957149454320e-01
   2.1715797624545230e-01
   1.7372638099636198e-01
   1.3029478574727194e-01
   8.6863190498180989e-02
   4.3431595249090640e-02
   0.0000000000000000e+00
