   6.4000000000000000e+01   1.0000000000000000e+00
   0.0000000000000000e+00
   4.3431595249090502e-02
   8.6863190498180989e-02
   1.3029478574727149e-01
   1.7372638099636198e-01
   2.1715797624545247e-01
   2.6058957149454298e-01
   3.0402116674363350e-01
   3.4745276199272401e-01
   3.9088435724181442e-01
   4.3431595249090488e-01
   4.7774754773999550e-01
   5.2117914298908596e-01
   5.6461073823817653e-01
   6.0804233348726699e-01
   6.5147392873635734e-01
   6.9490552398544791e-01
   7.3833711923453849e-01
   7.8176871448362883e-01
   8.2520030973271952e-01
   8.6863190498180975e-01
   9.1206350023090021e-01
   9.5549509547999079e-01
   9.9892669072908136e-01
   1.0423582859781717e+00
   1.0857898812272619e+00
   1.1292214764763528e+00
   1.1726530717254431e+00
   1.2160846669745338e+00
   1.2595162622236244e+00
   1.3029478574727147e+00
   1.3463794527218049e+00
   1.3898110479708958e+00
   1.4332426432199863e+00
   1.4766742384690765e+00
   1.5201058337181670e+00
   1.5635374289672577e+00
   1.6069690242163481e+00
   1.6504006194654386e+00
   1.6938322147145293e+00
   1.7372638099636193e+00
   1.7806954052127104e+00
   1.8241270004618007e+00
   1.8675585957108909e+00
   1.9109901909599816e+00
   1.9544217862090718e+00
   1.9978533814581627e+00
   2.0412849767072530e+00
   2.0847165719563439e+00
   2.1281481672054343e+00
   2.1715797624545239e+00
   2.2150113577036152e+00
   2.2584429529527057e+00
   2.3018745482017962e+00
   2.3453061434508866e+00
   2.3887377386999766e+00
   2.4321693339490675e+00
   2.4756009291981580e+00
   2.5190325244472489e+00
   2.5624641196963389e+00
   2.6058957149454294e+00
   2.6493273101945203e+00
   2.6927589054436103e+00
   2.7361905006927016e+00
