   6.4000000000000000e+01   1.0000000000000000e+00
   0.0000000000000000e+00
   4.3431595249090640e-02
   8.6863190498181128e-02
   1.3029478574727160e-01
   1.7372638099636226e-01
   2.1715797624545244e-01
   2.6058957149454320e-01
   3.0402116674363361e-01
   3.4745276199272412e-01
   3.9088435724181458e-01
   4.3431595249090488e-01
   4.7774754773999573e-01
   5.2117914298908619e-01
   5.6461073823817653e-01
   6.0804233348726722e-01
   6.5147392873635745e-01
   6.9490552398544825e-01
   7.3833711923453849e-01
   7.8176871448362895e-01
   8.2520030973271952e-01
   8.6863190498180975e-01
   9.1206350023090055e-01
   9.5549509547999101e-01
   9.9892669072908136e-01
   1.0423582859781719e+00
   1.0857898812272624e+00
   1.1292214764763531e+00
   1.1726530717254433e+00
   1.2160846669745340e+00
   1.2595162622236244e+00
   1.3029478574727147e+00
   1.3463794527218051e+00
   1.3463794527218056e+00
   1.3029478574727149e+00
   1.2595162622236244e+00
   1.2160846669745340e+00
   1.1726530717254435e+00
   1.1292214764763531e+00
   1.0857898812272624e+00
   1.0423582859781719e+00
   9.9892669072908180e-01
   9.5549509547999101e-01
   9.1206350023090066e-01
   8.6863190498181020e-01
   8.2520030973271952e-01
   7.8176871448362917e-01
   7.3833711923453849e-01
   6.9490552398544825e-01
   6.5147392873635734e-01
   6.0804233348726722e-01
   5.6461073823817687e-01
   5.2117914298908596e-01
   4.7774754773999573e-01
   4.3431595249090488e-01
   3.9088435724181458e-01
   3.4745276199272440e-01
   3.0402116674363361e-01
   2.6058957149454320e-01
   2.1715797624545244e-01
   1.7372638099636226e-01
   1.3029478574727194e-01
   8.6863190498181128e-02
   4.3431595249090786e-02
   0.0000000000000000e+00
