   6.4000000000000000e+01   1.0000000000000000e+00
   3.7100079683124759e-01
   3.6511189529424365e-01
   3.5922299375723982e-01
   3.5333409222023582e-01
   3.4744519068323187e-01
   3.4155628914622799e-01
   3.3566738760922404e-01
   3.2977848607222016e-01
   3.2388958453521621e-01
   3.1800068299821221e-01
   3.1211178146120827e-01
   3.0622287992420438e-01
   3.0033397838720044e-01
   2.9444507685019650e-01
   2.8855617531319261e-01
   2.8266727377618861e-01
   2.7677837223918472e-01
   2.7088947070218078e-01
   2.6500056916517689e-01
   2.5911166762817295e-01
   2.5322276609116900e-01
   2.4733386455416509e-01
   2.4144496301716112e-01
   2.3555606148015720e-01
   2.2966715994315329e-01
   2.2377825840614932e-01
   2.1788935686914543e-01
   2.1200045533214149e-01
   2.0611155379513757e-01
   2.0022265225813365e-01
   1.9433375072112968e-01
   1.8844484918412577e-01
   1.8255594764712182e-01
   1.7666704611011788e-01
   1.7077814457311394e-01
   1.6488924303611008e-01
   1.5900034149910611e-01
   1.5311143996210219e-01
   1.4722253842509825e-01
   1.4133363688809431e-01
   1.3544473535109042e-01
   1.2955583381408645e-01
   1.2366693227708254e-01
   1.1777803074007864e-01
   1.1188912920307466e-01
   1.0600022766607077e-01
   1.0011132612906680e-01
   9.4222424592062898e-02
   8.8333523055058927e-02
   8.2444621518055039e-02
   7.6555719981051096e-02
   7.0666818444047153e-02
   6.4777916907043223e-02
   5.8889015370039280e-02
   5.3000113833035344e-02
   4.7111212296031449e-02
   4.1222310759027471e-02
   3.5333409222023618e-02
   2.9444507685019640e-02
   2.3555606148015745e-02
   1.7666704611011771e-02
   1.1777803074007873e-02
   5.8889015370038982e-03
   0.0000000000000000e+00
