   3.2000000000000000e+01   1.0000000000000000e+00
   0.0000000000000000e+00
   5.8889015370039172e-03
   1.1777803074007854e-02
   1.7666704611011788e-02
   2.3555606148015707e-02
   2.9444507685019640e-02
   3.5333409222023576e-02
   4.1222310759027506e-02
   4.7111212296031428e-02
   5.3000113833035371e-02
   5.8889015370039294e-02
   6.4777916907043237e-02
   7.0666818444047153e-02
   7.6555719981051096e-02
   8.2444621518055039e-02
   8.8333523055058941e-02
   8.8333523055058941e-02
   8.2444621518055011e-02
   7.6555719981051096e-02
   7.0666818444047153e-02
   6.4777916907043237e-02
   5.8889015370039294e-02
   5.3000113833035357e-02
   4.7111212296031421e-02
   4.1222310759027485e-02
   3.5333409222023576e-02
   2.9444507685019640e-02
   2.3555606148015707e-02
   1.7666704611011771e-02
   1.1777803074007834e-02
   5.8889015370039172e-03
   0.0000000000000000e+00
