   6.4000000000000000e+01   1.0000000000000000e+00
   0.0000000000000000e+00
   5.8889015370039311e-03
   1.1777803074007862e-02
   1.7666704611011792e-02
   2.3555606148015721e-02
   2.9444507685019650e-02
   3.5333409222023583e-02
   4.1222310759027520e-02
   4.7111212296031449e-02
   5.3000113833035378e-02
   5.8889015370039315e-02
   6.4777916907043251e-02
   7.0666818444047166e-02
   7.6555719981051096e-02
   8.2444621518055039e-02
   8.8333523055058941e-02
   9.4222424592062884e-02
   1.0011132612906683e-01
   1.0600022766607076e-01
   1.1188912920307467e-01
   1.1777803074007860e-01
   1.2366693227708254e-01
   1.2955583381408650e-01
   1.3544473535109042e-01
   1.4133363688809433e-01
   1.4722253842509825e-01
   1.5311143996210219e-01
   1.5900034149910611e-01
   1.6488924303611008e-01
   1.7077814457311402e-01
   1.7666704611011791e-01
   1.8255594764712188e-01
   1.8844484918412580e-01
   1.9433375072112974e-01
   2.0022265225813368e-01
   2.0611155379513757e-01
   2.1200045533214151e-01
   2.1788935686914543e-01
   2.2377825840614934e-01
   2.2966715994315332e-01
   2.3555606148015720e-01
   2.4144496301716117e-01
   2.4733386455416509e-01
   2.5322276609116900e-01
   2.5911166762817300e-01
   2.6500056916517689e-01
   2.7088947070218083e-01
   2.7677837223918478e-01
   2.8266727377618867e-01
   2.8855617531319261e-01
   2.9444507685019655e-01
   3.0033397838720050e-01
   3.0622287992420438e-01
   3.1211178146120838e-01
   3.1800068299821227e-01
   3.2388958453521621e-01
   3.2977848607222016e-01
   3.3566738760922410e-01
   3.4155628914622799e-01
   3.4744519068323199e-01
   3.5333409222023582e-01
   3.5922299375723987e-01
   3.6511189529424376e-01
   3.7100079683124765e-01
