   6.4000000000000000e+01   1.0000000000000000e+00
   0.0000000000000000e+00
   6.6541064392716828e-02
   1.3308212878543366e-01
   1.9962319317815047e-01
   2.6616425757086731e-01
   3.3270532196358388e-01
   3.9924638635630094e-01
   4.6578745074901745e-01
   5.3232851514173429e-01
   5.9886957953445119e-01
   6.6541064392716776e-01
   7.3195170831988476e-01
   7.9849277271260155e-01
   8.6503383710531823e-01
   9.3157490149803490e-01
   9.9811596589075169e-01
   1.0646570302834686e+00
   1.1311980946761853e+00
   1.1977391590689019e+00
   1.2642802234616188e+00
   1.3308212878543355e+00
   1.3973623522470520e+00
   1.4639034166397689e+00
   1.5304444810324858e+00
   1.5969855454252027e+00
   1.6635266098179193e+00
   1.7300676742106362e+00
   1.7966087386033527e+00
   1.8631498029960696e+00
   1.9296908673887863e+00
   1.9962319317815029e+00
   2.0627729961742198e+00
   2.0627729961742198e+00
   1.9962319317815034e+00
   1.9296908673887863e+00
   1.8631498029960698e+00
   1.7966087386033531e+00
   1.7300676742106365e+00
   1.6635266098179196e+00
   1.5969855454252027e+00
   1.5304444810324862e+00
   1.4639034166397689e+00
   1.3973623522470524e+00
   1.3308212878543362e+00
   1.2642802234616188e+00
   1.1977391590689024e+00
   1.1311980946761850e+00
   1.0646570302834686e+00
   9.9811596589075147e-01
   9.3157490149803490e-01
   8.6503383710531845e-01
   7.9849277271260133e-01
   7.3195170831988476e-01
   6.6541064392716776e-01
   5.9886957953445119e-01
   5.3232851514173463e-01
   4.6578745074901745e-01
   3.9924638635630094e-01
   3.3270532196358388e-01
   2.6616425757086731e-01
   1.9962319317815078e-01
   1.3308212878543366e-01
   6.6541064392717134e-02
   0.0000000000000000e+00
