   3.2000000000000000e+01   1.0000000000000000e+00
   0.0000000000000000e+00
   6.6541064392716773e-02
   1.3308212878543352e-01
   1.9962319317815030e-01
   2.6616425757086704e-01
   3.3270532196358377e-01
   3.9924638635630066e-01
   4.6578745074901740e-01
   5.3232851514173418e-01
   5.9886957953445097e-01
   6.6541064392716776e-01
   7.3195170831988443e-01
   7.9849277271260133e-01
   8.6503383710531812e-01
   9.3157490149803479e-01
   9.9811596589075147e-01
   1.0646570302834684e+00
   1.1311980946761850e+00
   1.1977391590689017e+00
   1.2642802234616186e+00
   1.3308212878543355e+00
   1.3973623522470520e+00
   1.4639034166397689e+00
   1.5304444810324858e+00
   1.5969855454252027e+00
   1.6635266098179193e+00
   1.7300676742106362e+00
   1.7966087386033527e+00
   1.8631498029960694e+00
   1.9296908673887860e+00
   1.9962319317815027e+00
   2.0627729961742198e+00
