   3.2000000000000000e+01   1.0000000000000000e+00
   2.0627729961742198e+00
   1.9962319317815027e+00
   1.9296908673887860e+00
   1.8631498029960694e+00
   1.7966087386033525e+00
   1.7300676742106358e+00
   1.6635266098179189e+00
   1.5969855454252022e+00
   1.5304444810324853e+00
   1.4639034166397686e+00
   1.3973623522470517e+00
   1.3308212878543351e+00
   1.2642802234616182e+00
   1.1977391590689015e+00
   1.1311980946761846e+00
   1.0646570302834681e+00
   9.9811596589075136e-01
   9.3157490149803435e-01
   8.6503383710531789e-01
   7.9849277271260111e-01
   7.3195170831988421e-01
   6.6541064392716742e-01
   5.9886957953445052e-01
   5.3232851514173363e-01
   4.6578745074901690e-01
   3.9924638635630039e-01
   3.3270532196358354e-01
   2.6616425757086670e-01
   1.9962319317815019e-01
   1.3308212878543335e-01
   6.6541064392716828e-02
   0.0000000000000000e+00
