   6.4000000000000000e+01   1.0000000000000000e+00
   1.4242908870696360e+00
   1.4016830952113877e+00
   1.3790753033531395e+00
   1.3564675114948914e+00
   1.3338597196366431e+00
   1.3112519277783949e+00
   1.2886441359201468e+00
   1.2660363440618987e+00
   1.2434285522036503e+00
   1.2208207603454022e+00
   1.1982129684871539e+00
   1.1756051766289060e+00
   1.1529973847706576e+00
   1.1303895929124093e+00
   1.1077818010541614e+00
   1.0851740091959130e+00
   1.0625662173376649e+00
   1.0399584254794167e+00
   1.0173506336211686e+00
   9.9474284176292027e-01
   9.7213504990467203e-01
   9.4952725804642402e-01
   9.2691946618817567e-01
   9.0431167432992765e-01
   8.8170388247167919e-01
   8.5909609061343117e-01
   8.3648829875518294e-01
   8.1388050689693481e-01
   7.9127271503868657e-01
   7.6866492318043844e-01
   7.4605713132219043e-01
   7.2344933946394208e-01
   7.0084154760569384e-01
   6.7823375574744571e-01
   6.5562596388919747e-01
   6.3301817203094934e-01
   6.1041038017270111e-01
   5.8780258831445298e-01
   5.6519479645620463e-01
   5.4258700459795639e-01
   5.1997921273970837e-01
   4.9737142088146002e-01
   4.7476362902321201e-01
   4.5215583716496394e-01
   4.2954804530671559e-01
   4.0694025344846757e-01
   3.8433246159021922e-01
   3.6172466973197109e-01
   3.3911687787372274e-01
   3.1650908601547473e-01
   2.9390129415722654e-01
   2.7129350229897831e-01
   2.4868571044073012e-01
   2.2607791858248191e-01
   2.0347012672423370e-01
   1.8086233486598563e-01
   1.5825454300773728e-01
   1.3564675114948924e-01
   1.1303895929124089e-01
   9.0431167432992815e-02
   6.7823375574744771e-02
   4.5215583716496408e-02
   2.2607791858248353e-02
   0.0000000000000000e+00
