   6.4000000000000000e+01   1.0000000000000000e+00
   0.0000000000000000e+00
   2.0657478476936577e-02
   4.1314956953873085e-02
   6.1972435430809499e-02
   8.2629913907746086e-02
   1.0328739238468258e-01
   1.2394487086161908e-01
   1.4460234933855567e-01
   1.6525982781549209e-01
   1.8591730629242859e-01
   2.0657478476936517e-01
   2.2723226324630166e-01
   2.4788974172323822e-01
   2.6854722020017469e-01
   2.8920469867711129e-01
   3.0986217715404779e-01
   3.3051965563098429e-01
   3.5117713410792084e-01
   3.7183461258485728e-01
   3.9249209106179384e-01
   4.1314956953873033e-01
   4.3380704801566683e-01
   4.5446452649260333e-01
   4.7512200496953982e-01
   4.9577948344647643e-01
   5.1643696192341293e-01
   5.3709444040034937e-01
   5.5775191887728592e-01
   5.7840939735422248e-01
   5.9906687583115903e-01
   6.1972435430809547e-01
   6.4038183278503191e-01
   6.4038183278503202e-01
   6.1972435430809558e-01
   5.9906687583115903e-01
   5.7840939735422259e-01
   5.5775191887728603e-01
   5.3709444040034959e-01
   5.1643696192341293e-01
   4.9577948344647643e-01
   4.7512200496953999e-01
   4.5446452649260333e-01
   4.3380704801566689e-01
   4.1314956953873050e-01
   3.9249209106179384e-01
   3.7183461258485739e-01
   3.5117713410792084e-01
   3.3051965563098434e-01
   3.0986217715404779e-01
   2.8920469867711129e-01
   2.6854722020017485e-01
   2.4788974172323822e-01
   2.2723226324630175e-01
   2.0657478476936517e-01
   1.8591730629242875e-01
   1.6525982781549226e-01
   1.4460234933855567e-01
   1.2394487086161925e-01
   1.0328739238468258e-01
   8.2629913907746169e-02
   6.1972435430809734e-02
   4.1314956953873085e-02
   2.0657478476936653e-02
   0.0000000000000000e+00
