   6.4000000000000000e+01   1.0000000000000000e+00
   0.0000000000000000e+00
   1.8738144868908010e-02
   3.7476289737816013e-02
   5.6214434606724019e-02
   7.4952579475632025e-02
   9.3690724344540025e-02
   1.1242886921344805e-01
   1.3116701408235606e-01
   1.4990515895126405e-01
   1.6864330382017206e-01
   1.8738144868908005e-01
   2.0611959355798806e-01
   2.2485773842689610e-01
   2.4359588329580409e-01
   2.6233402816471213e-01
   2.8107217303362009e-01
   2.9981031790252810e-01
   3.1854846277143611e-01
   3.3728660764034407e-01
   3.5602475250925220e-01
   3.7476289737816015e-01
   3.9350104224706811e-01
   4.1223918711597612e-01
   4.3097733198488414e-01
   4.4971547685379215e-01
   4.6845362172270011e-01
   4.8719176659160812e-01
   5.0592991146051625e-01
   5.2466805632942426e-01
   5.4340620119833216e-01
   5.6214434606724017e-01
   5.8088249093614819e-01
   5.9962063580505620e-01
   6.1835878067396433e-01
   6.3709692554287223e-01
   6.5583507041178013e-01
   6.7457321528068825e-01
   6.9331136014959627e-01
   7.1204950501850417e-01
   7.3078764988741229e-01
   7.4952579475632020e-01
   7.6826393962522832e-01
   7.8700208449413622e-01
   8.0574022936304412e-01
   8.2447837423195225e-01
   8.4321651910086026e-01
   8.6195466396976850e-01
   8.8069280883867629e-01
   8.9943095370758441e-01
   9.1816909857649243e-01
   9.3690724344540044e-01
   9.5564538831430834e-01
   9.7438353318321635e-01
   9.9312167805212448e-01
   1.0118598229210323e+00
   1.0305979677899402e+00
   1.0493361126588485e+00
   1.0680742575277564e+00
   1.0868124023966643e+00
   1.1055505472655722e+00
   1.1242886921344803e+00
   1.1430268370033887e+00
   1.1617649818722964e+00
   1.1805031267412045e+00
