   6.4000000000000000e+01   1.0000000000000000e+00
   1.2206053582976286e+00
   1.2012306700706818e+00
   1.1818559818437355e+00
   1.1624812936167890e+00
   1.1431066053898424e+00
   1.1237319171628961e+00
   1.1043572289359496e+00
   1.0849825407090032e+00
   1.0656078524820567e+00
   1.0462331642551101e+00
   1.0268584760281636e+00
   1.0074837878012173e+00
   9.8810909957427073e-01
   9.6873441134732430e-01
   9.4935972312037775e-01
   9.2998503489343132e-01
   9.1061034666648466e-01
   8.9123565843953811e-01
   8.7186097021259179e-01
   8.5248628198564536e-01
   8.3311159375869892e-01
   8.1373690553175237e-01
   7.9436221730480583e-01
   7.7498752907785928e-01
   7.5561284085091285e-01
   7.3623815262396652e-01
   7.1686346439701998e-01
   6.9748877617007343e-01
   6.7811408794312689e-01
   6.5873939971618034e-01
   6.3936471148923413e-01
   6.1999002326228758e-01
   6.0061533503534104e-01
   5.8124064680839449e-01
   5.6186595858144806e-01
   5.4249127035450162e-01
   5.2311658212755507e-01
   5.0374189390060864e-01
   4.8436720567366215e-01
   4.6499251744671566e-01
   4.4561782921976922e-01
   4.2624314099282268e-01
   4.0686845276587619e-01
   3.8749376453892975e-01
   3.6811907631198326e-01
   3.4874438808503688e-01
   3.2936969985809017e-01
   3.0999501163114379e-01
   2.9062032340419724e-01
   2.7124563517725087e-01
   2.5187094695030432e-01
   2.3249625872335783e-01
   2.1312157049641142e-01
   1.9374688226946488e-01
   1.7437219404251836e-01
   1.5499750581557198e-01
   1.3562281758862543e-01
   1.1624812936167905e-01
   9.6873441134732369e-02
   7.7498752907785989e-02
   5.8124064680839603e-02
   3.8749376453893064e-02
   1.9374688226946532e-02
   0.0000000000000000e+00
