   6.4000000000000000e+01   1.0000000000000000e+00
   0.0000000000000000e+00
   1.4979369097495910e-02
   2.9958738194991896e-02
   4.4938107292487803e-02
   5.9917476389983716e-02
   7.4896845487479699e-02
   8.9876214584975606e-02
   1.0485558368247160e-01
   1.1983495277996750e-01
   1.3481432187746339e-01
   1.4979369097495937e-01
   1.6477306007245535e-01
   1.7975242916995129e-01
   1.9473179826744719e-01
   2.0971116736494316e-01
   2.2469053646243906e-01
   2.3966990555993503e-01
   2.5464927465743098e-01
   2.6962864375492690e-01
   2.8460801285242282e-01
   2.9958738194991880e-01
   3.1456675104741472e-01
   3.2954612014491069e-01
   3.4452548924240667e-01
   3.5950485833990259e-01
   3.7448422743739851e-01
   3.8946359653489437e-01
   4.0444296563239035e-01
   4.1942233472988633e-01
   4.3440170382738230e-01
   4.4938107292487822e-01
   4.6436044202237409e-01
   4.6436044202237420e-01
   4.4938107292487828e-01
   4.3440170382738230e-01
   4.1942233472988638e-01
   4.0444296563239046e-01
   3.8946359653489449e-01
   3.7448422743739851e-01
   3.5950485833990259e-01
   3.4452548924240667e-01
   3.2954612014491069e-01
   3.1456675104741483e-01
   2.9958738194991891e-01
   2.8460801285242288e-01
   2.6962864375492701e-01
   2.5464927465743098e-01
   2.3966990555993509e-01
   2.2469053646243906e-01
   2.0971116736494319e-01
   1.9473179826744730e-01
   1.7975242916995129e-01
   1.6477306007245540e-01
   1.4979369097495937e-01
   1.3481432187746348e-01
   1.1983495277996759e-01
   1.0485558368247160e-01
   8.9876214584975689e-02
   7.4896845487479699e-02
   5.9917476389983793e-02
   4.4938107292487879e-02
   2.9958738194991896e-02
   1.4979369097495985e-02
   0.0000000000000000e+00
