   6.4000000000000000e+01   1.0000000000000000e+00
   0.0000000000000000e+00
   2.3265379276328754e-02
   4.6530758552657508e-02
   6.9796137828986110e-02
   9.3061517105314864e-02
   1.1632689638164369e-01
   1.3959227565797244e-01
   1.6285765493430118e-01
   1.8612303421062981e-01
   2.0938841348695855e-01
   2.3265379276328732e-01
   2.5591917203961606e-01
   2.7918455131594483e-01
   3.0244993059227360e-01
   3.2571530986860231e-01
   3.4898068914493097e-01
   3.7224606842125979e-01
   3.9551144769758850e-01
   4.1877682697391722e-01
   4.4204220625024604e-01
   4.6530758552657470e-01
   4.8857296480290341e-01
   5.1183834407923212e-01
   5.3510372335556100e-01
   5.5836910263188977e-01
   5.8163448190821831e-01
   6.0489986118454719e-01
   6.2816524046087585e-01
   6.5143061973720462e-01
   6.7469599901353339e-01
   6.9796137828986193e-01
   7.2122675756619070e-01
   7.2122675756619092e-01
   6.9796137828986204e-01
   6.7469599901353339e-01
   6.5143061973720473e-01
   6.2816524046087596e-01
   6.0489986118454719e-01
   5.8163448190821843e-01
   5.5836910263188977e-01
   5.3510372335556100e-01
   5.1183834407923212e-01
   4.8857296480290352e-01
   4.6530758552657492e-01
   4.4204220625024604e-01
   4.1877682697391738e-01
   3.9551144769758850e-01
   3.7224606842125985e-01
   3.4898068914493097e-01
   3.2571530986860231e-01
   3.0244993059227371e-01
   2.7918455131594483e-01
   2.5591917203961617e-01
   2.3265379276328732e-01
   2.0938841348695869e-01
   1.8612303421063003e-01
   1.6285765493430118e-01
   1.3959227565797250e-01
   1.1632689638164369e-01
   9.3061517105315017e-02
   6.9796137828986332e-02
   4.6530758552657508e-02
   2.3265379276328903e-02
   0.0000000000000000e+00
