   6.4000000000000000e+01   1.0000000000000000e+00
   0.0000000000000000e+00
   1.2522908441319864e-02
   2.5045816882639800e-02
   3.7568725323959586e-02
   5.0091633765279524e-02
   6.2614542206599427e-02
   7.5137450647919324e-02
   8.7660359089239234e-02
   1.0018326753055909e-01
   1.1270617597187900e-01
   1.2522908441319891e-01
   1.3775199285451878e-01
   1.5027490129583868e-01
   1.6279780973715854e-01
   1.7532071817847847e-01
   1.8784362661979834e-01
   2.0036653506111821e-01
   2.1288944350243816e-01
   2.2541235194375803e-01
   2.3793526038507792e-01
   2.5045816882639782e-01
   2.6298107726771769e-01
   2.7550398570903756e-01
   2.8802689415035754e-01
   3.0054980259167735e-01
   3.1307271103299728e-01
   3.2559561947431714e-01
   3.3811852791563701e-01
   3.5064143635695694e-01
   3.6316434479827686e-01
   3.7568725323959667e-01
   3.8821016168091660e-01
   3.8821016168091665e-01
   3.7568725323959679e-01
   3.6316434479827686e-01
   3.5064143635695699e-01
   3.3811852791563712e-01
   3.2559561947431720e-01
   3.1307271103299733e-01
   3.0054980259167735e-01
   2.8802689415035759e-01
   2.7550398570903756e-01
   2.6298107726771774e-01
   2.5045816882639793e-01
   2.3793526038507792e-01
   2.2541235194375811e-01
   2.1288944350243816e-01
   2.0036653506111829e-01
   1.8784362661979834e-01
   1.7532071817847850e-01
   1.6279780973715863e-01
   1.5027490129583868e-01
   1.3775199285451881e-01
   1.2522908441319891e-01
   1.1270617597187903e-01
   1.0018326753055920e-01
   8.7660359089239234e-02
   7.5137450647919365e-02
   6.2614542206599427e-02
   5.0091633765279600e-02
   3.7568725323959738e-02
   2.5045816882639800e-02
   1.2522908441319938e-02
   0.0000000000000000e+00
