   6.4000000000000000e+01   1.0000000000000000e+00
   9.4370025314224426e-01
   9.2872088404474840e-01
   9.1374151494725242e-01
   8.9876214584975644e-01
   8.8378277675226047e-01
   8.6880340765476460e-01
   8.5382403855726874e-01
   8.3884466945977276e-01
   8.2386530036227668e-01
   8.0888593126478070e-01
   7.9390656216728483e-01
   7.7892719306978897e-01
   7.6394782397229299e-01
   7.4896845487479702e-01
   7.3398908577730104e-01
   7.1900971667980518e-01
   7.0403034758230931e-01
   6.8905097848481334e-01
   6.7407160938731736e-01
   6.5909224028982138e-01
   6.4411287119232552e-01
   6.2913350209482966e-01
   6.1415413299733368e-01
   5.9917476389983759e-01
   5.8419539480234162e-01
   5.6921602570484575e-01
   5.5423665660734978e-01
   5.3925728750985380e-01
   5.2427791841235782e-01
   5.0929854931486196e-01
   4.9431918021736609e-01
   4.7933981111987017e-01
   4.6436044202237420e-01
   4.4938107292487822e-01
   4.3440170382738230e-01
   4.1942233472988638e-01
   4.0444296563239046e-01
   3.8946359653489449e-01
   3.7448422743739851e-01
   3.5950485833990259e-01
   3.4452548924240667e-01
   3.2954612014491069e-01
   3.1456675104741483e-01
   2.9958738194991891e-01
   2.8460801285242288e-01
   2.6962864375492696e-01
   2.5464927465743092e-01
   2.3966990555993517e-01
   2.2469053646243911e-01
   2.0971116736494319e-01
   1.9473179826744727e-01
   1.7975242916995121e-01
   1.6477306007245546e-01
   1.4979369097495940e-01
   1.3481432187746348e-01
   1.1983495277996759e-01
   1.0485558368247153e-01
   8.9876214584975758e-02
   7.4896845487479699e-02
   5.9917476389983793e-02
   4.4938107292487879e-02
   2.9958738194991820e-02
   1.4979369097496059e-02
   0.0000000000000000e+00
