   6.4000000000000000e+01   1.0000000000000000e+00
   1.3421502499578353e+00
   1.3208462777362824e+00
   1.2995423055147295e+00
   1.2782383332931766e+00
   1.2569343610716237e+00
   1.2356303888500706e+00
   1.2143264166285177e+00
   1.1930224444069648e+00
   1.1717184721854119e+00
   1.1504144999638590e+00
   1.1291105277423061e+00
   1.1078065555207530e+00
   1.0865025832991999e+00
   1.0651986110776470e+00
   1.0438946388560941e+00
   1.0225906666345412e+00
   1.0012866944129883e+00
   9.7998272219143545e-01
   9.5867874996988245e-01
   9.3737477774832956e-01
   9.1607080552677655e-01
   8.9476683330522366e-01
   8.7346286108367066e-01
   8.5215888886211766e-01
   8.3085491664056477e-01
   8.0955094441901176e-01
   7.8824697219745887e-01
   7.6694299997590587e-01
   7.4563902775435298e-01
   7.2433505553279998e-01
   7.0303108331124731e-01
   6.8172711108969430e-01
   6.6042313886814119e-01
   6.3911916664658830e-01
   6.1781519442503530e-01
   5.9651122220348252e-01
   5.7520724998192962e-01
   5.5390327776037651e-01
   5.3259930553882362e-01
   5.1129533331727062e-01
   4.8999136109571784e-01
   4.6868738887416478e-01
   4.4738341665261200e-01
   4.2607944443105900e-01
   4.0477547220950605e-01
   3.8347149998795310e-01
   3.6216752776640010e-01
   3.4086355554484715e-01
   3.1955958332329421e-01
   2.9825561110174126e-01
   2.7695163888018842e-01
   2.5564766665863531e-01
   2.3434369443708253e-01
   2.1303972221552941e-01
   1.9173574999397663e-01
   1.7043177777242366e-01
   1.4912780555087071e-01
   1.2782383332931774e-01
   1.0651986110776479e-01
   8.5215888886211830e-02
   6.3911916664659021e-02
   4.2607944443105915e-02
   2.1303972221553107e-02
   0.0000000000000000e+00
