   6.4000000000000000e+01   1.0000000000000000e+00
   0.0000000000000000e+00
   1.3746776988087796e-02
   2.7493553976175592e-02
   4.1240330964263383e-02
   5.4987107952351184e-02
   6.8733884940438972e-02
   8.2480661928526766e-02
   9.6227438916614561e-02
   1.0997421590470237e-01
   1.2372099289279016e-01
   1.3746776988087794e-01
   1.5121454686896574e-01
   1.6496132385705353e-01
   1.7870810084514135e-01
   1.9245487783322912e-01
   2.0620165482131692e-01
   2.1994843180940474e-01
   2.3369520879749253e-01
   2.4744198578558033e-01
   2.6118876277366809e-01
   2.7493553976175589e-01
   2.8868231674984368e-01
   3.0242909373793148e-01
   3.1617587072601933e-01
   3.2992264771410706e-01
   3.4366942470219491e-01
   3.5741620169028271e-01
   3.7116297867837050e-01
   3.8490975566645835e-01
   3.9865653265454615e-01
   4.1240330964263389e-01
   4.2615008663072168e-01
   4.3989686361880947e-01
   4.5364364060689732e-01
   4.6739041759498512e-01
   4.8113719458307286e-01
   4.9488397157116065e-01
   5.0863074855924850e-01
   5.2237752554733630e-01
   5.3612430253542409e-01
   5.4987107952351189e-01
   5.6361785651159968e-01
   5.7736463349968736e-01
   5.9111141048777516e-01
   6.0485818747586306e-01
   6.1860496446395075e-01
   6.3235174145203865e-01
   6.4609851844012645e-01
   6.5984529542821424e-01
   6.7359207241630203e-01
   6.8733884940438972e-01
   7.0108562639247762e-01
   7.1483240338056542e-01
   7.2857918036865310e-01
   7.4232595735674078e-01
   7.5607273434482869e-01
   7.6981951133291648e-01
   7.8356628832100428e-01
   7.9731306530909218e-01
   8.1105984229717998e-01
   8.2480661928526766e-01
   8.3855339627335557e-01
   8.5230017326144336e-01
   8.6604695024953104e-01
