   6.4000000000000000e+01   1.0000000000000000e+00
   0.0000000000000000e+00
   1.3133804671467467e-02
   2.6267609342934931e-02
   3.9401414014402399e-02
   5.2535218685869862e-02
   6.5669023357337333e-02
   7.8802828028804811e-02
   9.1936632700272275e-02
   1.0507043737173972e-01
   1.1820424204320719e-01
   1.3133804671467467e-01
   1.4447185138614213e-01
   1.5760565605760962e-01
   1.7073946072907703e-01
   1.8387326540054452e-01
   1.9700707007201196e-01
   2.1014087474347945e-01
   2.2327467941494689e-01
   2.3640848408641435e-01
   2.4954228875788181e-01
   2.6267609342934933e-01
   2.7580989810081674e-01
   2.8894370277228421e-01
   3.0207750744375167e-01
   3.1521131211521919e-01
   3.2834511678668660e-01
   3.4147892145815406e-01
   3.5461272612962164e-01
   3.6774653080108910e-01
   3.8088033547255651e-01
   3.9401414014402397e-01
   4.0714794481549144e-01
   4.2028174948695890e-01
   4.3341555415842642e-01
   4.4654935882989388e-01
   4.5968316350136135e-01
   4.7281696817282876e-01
   4.8595077284429622e-01
   4.9908457751576363e-01
   5.1221838218723126e-01
   5.2535218685869867e-01
   5.3848599153016619e-01
   5.5161979620163348e-01
   5.6475360087310089e-01
   5.7788740554456852e-01
   5.9102121021603593e-01
   6.0415501488750345e-01
   6.1728881955897097e-01
   6.3042262423043849e-01
   6.4355642890190590e-01
   6.5669023357337319e-01
   6.6982403824484082e-01
   6.8295784291630812e-01
   6.9609164758777564e-01
   7.0922545225924305e-01
   7.2235925693071057e-01
   7.3549306160217809e-01
   7.4862686627364539e-01
   7.6176067094511302e-01
   7.7489447561658031e-01
   7.8802828028804783e-01
   8.0116208495951546e-01
   8.1429588963098276e-01
   8.2742969430245039e-01
