   6.4000000000000000e+01   1.0000000000000000e+00
   0.0000000000000000e+00
   1.6221537775683519e-02
   3.2443075551367037e-02
   4.8664613327050542e-02
   6.4886151102734074e-02
   8.1107688878417586e-02
   9.7329226654101111e-02
   1.1355076442978464e-01
   1.2977230220546815e-01
   1.4599383998115165e-01
   1.6221537775683514e-01
   1.7843691553251870e-01
   1.9465845330820222e-01
   2.1087999108388572e-01
   2.2710152885956927e-01
   2.4332306663525274e-01
   2.5954460441093630e-01
   2.7576614218661977e-01
   2.9198767996230329e-01
   3.0820921773798682e-01
   3.2443075551367029e-01
   3.4065229328935381e-01
   3.5687383106503734e-01
   3.7309536884072086e-01
   3.8931690661640433e-01
   4.0553844439208792e-01
   4.2175998216777139e-01
   4.3798151994345491e-01
   4.5420305771913844e-01
   4.7042459549482202e-01
   4.8664613327050538e-01
   5.0286767104618890e-01
   5.1908920882187248e-01
   5.3531074659755606e-01
   5.5153228437323953e-01
   5.6775382214892300e-01
   5.8397535992460659e-01
   6.0019689770029006e-01
   6.1641843547597364e-01
   6.3263997325165722e-01
   6.4886151102734058e-01
   6.6508304880302416e-01
   6.8130458657870763e-01
   6.9752612435439110e-01
   7.1374766213007479e-01
   7.2996919990575826e-01
   7.4619073768144173e-01
   7.6241227545712531e-01
   7.7863381323280889e-01
   7.9485535100849236e-01
   8.1107688878417583e-01
   8.2729842655985930e-01
   8.4351996433554288e-01
   8.5974150211122657e-01
   8.7596303988690982e-01
   8.9218457766259340e-01
   9.0840611543827710e-01
   9.2462765321396045e-01
   9.4084919098964404e-01
   9.5707072876532751e-01
   9.7329226654101098e-01
   9.8951380431669467e-01
   1.0057353420923780e+00
   1.0219568798680616e+00
