   6.4000000000000000e+01   1.0000000000000000e+00
   0.0000000000000000e+00
   1.6221537775683567e-02
   3.2443075551367058e-02
   4.8664613327050542e-02
   6.4886151102734033e-02
   8.1107688878417600e-02
   9.7329226654101084e-02
   1.1355076442978466e-01
   1.2977230220546807e-01
   1.4599383998115165e-01
   1.6221537775683512e-01
   1.7843691553251870e-01
   1.9465845330820222e-01
   2.1087999108388572e-01
   2.2710152885956927e-01
   2.4332306663525274e-01
   2.5954460441093630e-01
   2.7576614218661977e-01
   2.9198767996230329e-01
   3.0820921773798682e-01
   3.2443075551367029e-01
   3.4065229328935381e-01
   3.5687383106503739e-01
   3.7309536884072086e-01
   3.8931690661640433e-01
   4.0553844439208792e-01
   4.2175998216777144e-01
   4.3798151994345491e-01
   4.5420305771913855e-01
   4.7042459549482202e-01
   4.8664613327050549e-01
   5.0286767104618890e-01
   5.0286767104618901e-01
   4.8664613327050554e-01
   4.7042459549482202e-01
   4.5420305771913860e-01
   4.3798151994345497e-01
   4.2175998216777150e-01
   4.0553844439208797e-01
   3.8931690661640433e-01
   3.7309536884072098e-01
   3.5687383106503739e-01
   3.4065229328935387e-01
   3.2443075551367045e-01
   3.0820921773798687e-01
   2.9198767996230340e-01
   2.7576614218661977e-01
   2.5954460441093635e-01
   2.4332306663525274e-01
   2.2710152885956930e-01
   2.1087999108388583e-01
   1.9465845330820222e-01
   1.7843691553251875e-01
   1.6221537775683512e-01
   1.4599383998115170e-01
   1.2977230220546823e-01
   1.1355076442978466e-01
   9.7329226654101167e-02
   8.1107688878417600e-02
   6.4886151102734116e-02
   4.8664613327050701e-02
   3.2443075551367058e-02
   1.6221537775683567e-02
   0.0000000000000000e+00
