   6.4000000000000000e+01   1.0000000000000000e+00
   0.0000000000000000e+00
   2.3926930576398612e-02
   4.7853861152797071e-02
   7.1780791729195534e-02
   9.5707722305594073e-02
   1.1963465288199261e-01
   1.4356158345839115e-01
   1.6748851403478968e-01
   1.9141544461118815e-01
   2.1534237518758670e-01
   2.3926930576398522e-01
   2.6319623634038375e-01
   2.8712316691678230e-01
   3.1105009749318074e-01
   3.3497702806957930e-01
   3.5890395864597774e-01
   3.8283088922237629e-01
   4.0675781979877479e-01
   4.3068475037517340e-01
   4.5461168095157184e-01
   4.7853861152797034e-01
   5.0246554210436889e-01
   5.2639247268076750e-01
   5.5031940325716600e-01
   5.7424633383356449e-01
   5.9817326440996288e-01
   6.2210019498636149e-01
   6.4602712556275987e-01
   6.6995405613915848e-01
   6.9388098671555709e-01
   7.1780791729195548e-01
   7.4173484786835397e-01
   7.4173484786835409e-01
   7.1780791729195559e-01
   6.9388098671555709e-01
   6.6995405613915859e-01
   6.4602712556276010e-01
   6.2210019498636160e-01
   5.9817326440996299e-01
   5.7424633383356449e-01
   5.5031940325716600e-01
   5.2639247268076750e-01
   5.0246554210436900e-01
   4.7853861152797061e-01
   4.5461168095157189e-01
   4.3068475037517351e-01
   4.0675781979877479e-01
   3.8283088922237640e-01
   3.5890395864597774e-01
   3.3497702806957935e-01
   3.1105009749318091e-01
   2.8712316691678230e-01
   2.6319623634038386e-01
   2.3926930576398522e-01
   2.1534237518758675e-01
   1.9141544461118837e-01
   1.6748851403478968e-01
   1.4356158345839132e-01
   1.1963465288199261e-01
   9.5707722305594226e-02
   7.1780791729195825e-02
   4.7853861152797071e-02
   2.3926930576398765e-02
   0.0000000000000000e+00
