   6.4000000000000000e+01   1.0000000000000000e+00
   0.0000000000000000e+00
   2.2607791858248204e-02
   4.5215583716496408e-02
   6.7823375574744535e-02
   9.0431167432992746e-02
   1.1303895929124096e-01
   1.3564675114948915e-01
   1.5825454300773736e-01
   1.8086233486598544e-01
   2.0347012672423362e-01
   2.2607791858248183e-01
   2.4868571044073001e-01
   2.7129350229897820e-01
   2.9390129415722649e-01
   3.1650908601547467e-01
   3.3911687787372274e-01
   3.6172466973197098e-01
   3.8433246159021922e-01
   4.0694025344846740e-01
   4.2954804530671559e-01
   4.5215583716496377e-01
   4.7476362902321195e-01
   4.9737142088146014e-01
   5.1997921273970837e-01
   5.4258700459795650e-01
   5.6519479645620463e-01
   5.8780258831445298e-01
   6.1041038017270111e-01
   6.3301817203094934e-01
   6.5562596388919747e-01
   6.7823375574744549e-01
   7.0084154760569373e-01
   7.0084154760569384e-01
   6.7823375574744571e-01
   6.5562596388919747e-01
   6.3301817203094934e-01
   6.1041038017270122e-01
   5.8780258831445298e-01
   5.6519479645620474e-01
   5.4258700459795650e-01
   5.1997921273970837e-01
   4.9737142088146014e-01
   4.7476362902321201e-01
   4.5215583716496394e-01
   4.2954804530671559e-01
   4.0694025344846757e-01
   3.8433246159021922e-01
   3.6172466973197104e-01
   3.3911687787372274e-01
   3.1650908601547467e-01
   2.9390129415722660e-01
   2.7129350229897820e-01
   2.4868571044073018e-01
   2.2607791858248183e-01
   2.0347012672423379e-01
   1.8086233486598563e-01
   1.5825454300773736e-01
   1.3564675114948924e-01
   1.1303895929124096e-01
   9.0431167432992815e-02
   6.7823375574744688e-02
   4.5215583716496408e-02
   2.2607791858248353e-02
   0.0000000000000000e+00
