   6.4000000000000000e+01   1.0000000000000000e+00
   0.0000000000000000e+00
   2.0657478476936518e-02
   4.1314956953873029e-02
   6.1972435430809540e-02
   8.2629913907746072e-02
   1.0328739238468258e-01
   1.2394487086161911e-01
   1.4460234933855565e-01
   1.6525982781549214e-01
   1.8591730629242864e-01
   2.0657478476936514e-01
   2.2723226324630166e-01
   2.4788974172323822e-01
   2.6854722020017469e-01
   2.8920469867711124e-01
   3.0986217715404774e-01
   3.3051965563098429e-01
   3.5117713410792079e-01
   3.7183461258485728e-01
   3.9249209106179378e-01
   4.1314956953873028e-01
   4.3380704801566683e-01
   4.5446452649260333e-01
   4.7512200496953982e-01
   4.9577948344647643e-01
   5.1643696192341293e-01
   5.3709444040034937e-01
   5.5775191887728592e-01
   5.7840939735422248e-01
   5.9906687583115892e-01
   6.1972435430809547e-01
   6.4038183278503191e-01
   6.6103931126196847e-01
   6.8169678973890502e-01
   7.0235426821584157e-01
   7.2301174669277801e-01
   7.4366922516971457e-01
   7.6432670364665101e-01
   7.8498418212358756e-01
   8.0564166060052400e-01
   8.2629913907746055e-01
   8.4695661755439722e-01
   8.6761409603133355e-01
   8.8827157450826999e-01
   9.0892905298520665e-01
   9.2958653146214298e-01
   9.5024400993907965e-01
   9.7090148841601620e-01
   9.9155896689295286e-01
   1.0122164453698892e+00
   1.0328739238468259e+00
   1.0535314023237623e+00
   1.0741888808006987e+00
   1.0948463592776354e+00
   1.1155038377545718e+00
   1.1361613162315081e+00
   1.1568187947084450e+00
   1.1774762731853814e+00
   1.1981337516623178e+00
   1.2187912301392543e+00
   1.2394487086161909e+00
   1.2601061870931274e+00
   1.2807636655700638e+00
   1.3014211440470005e+00
