   6.4000000000000000e+01   1.0000000000000000e+00
   0.0000000000000000e+00
   1.5599202103078641e-02
   3.1198404206157208e-02
   4.6797606309235774e-02
   6.2396808412314334e-02
   7.7996010515392983e-02
   9.3595212618471549e-02
   1.0919441472155018e-01
   1.2479361682462867e-01
   1.4039281892770730e-01
   1.5599202103078594e-01
   1.7159122313386455e-01
   1.8719042523694313e-01
   2.0278962734002171e-01
   2.1838882944310031e-01
   2.3398803154617887e-01
   2.4958723364925750e-01
   2.6518643575233608e-01
   2.8078563785541460e-01
   2.9638483995849324e-01
   3.1198404206157182e-01
   3.2758324416465040e-01
   3.4318244626772898e-01
   3.5878164837080762e-01
   3.7438085047388620e-01
   3.8998005257696478e-01
   4.0557925468004330e-01
   4.2117845678312199e-01
   4.3677765888620057e-01
   4.5237686098927915e-01
   4.6797606309235767e-01
   4.8357526519543631e-01
   4.8357526519543637e-01
   4.6797606309235773e-01
   4.5237686098927915e-01
   4.3677765888620063e-01
   4.2117845678312205e-01
   4.0557925468004341e-01
   3.8998005257696483e-01
   3.7438085047388620e-01
   3.5878164837080767e-01
   3.4318244626772898e-01
   3.2758324416465051e-01
   3.1198404206157193e-01
   2.9638483995849330e-01
   2.8078563785541472e-01
   2.6518643575233608e-01
   2.4958723364925750e-01
   2.3398803154617887e-01
   2.1838882944310031e-01
   2.0278962734002176e-01
   1.8719042523694313e-01
   1.7159122313386457e-01
   1.5599202103078594e-01
   1.4039281892770739e-01
   1.2479361682462883e-01
   1.0919441472155018e-01
   9.3595212618471618e-02
   7.7996010515392983e-02
   6.2396808412314417e-02
   4.6797606309235927e-02
   3.1198404206157208e-02
   1.5599202103078715e-02
   0.0000000000000000e+00
