   6.4000000000000000e+01   1.0000000000000000e+00
   7.8894323180315329e-01
   7.7642032336183331e-01
   7.6389741492051344e-01
   7.5137450647919357e-01
   7.3885159803787370e-01
   7.2632868959655383e-01
   7.1380578115523374e-01
   7.0128287271391399e-01
   6.8875996427259412e-01
   6.7623705583127425e-01
   6.6371414738995438e-01
   6.5119123894863440e-01
   6.3866833050731453e-01
   6.2614542206599466e-01
   6.1362251362467479e-01
   6.0109960518335492e-01
   5.8857669674203494e-01
   5.7605378830071508e-01
   5.6353087985939521e-01
   5.5100797141807523e-01
   5.3848506297675547e-01
   5.2596215453543549e-01
   5.1343924609411551e-01
   5.0091633765279575e-01
   4.8839342921147588e-01
   4.7587052077015596e-01
   4.6334761232883603e-01
   4.5082470388751622e-01
   4.3830179544619624e-01
   4.2577888700487637e-01
   4.1325597856355656e-01
   4.0073307012223658e-01
   3.8821016168091671e-01
   3.7568725323959679e-01
   3.6316434479827692e-01
   3.5064143635695710e-01
   3.3811852791563712e-01
   3.2559561947431725e-01
   3.1307271103299733e-01
   3.0054980259167746e-01
   2.8802689415035759e-01
   2.7550398570903761e-01
   2.6298107726771780e-01
   2.5045816882639793e-01
   2.3793526038507798e-01
   2.2541235194375814e-01
   2.1288944350243819e-01
   2.0036653506111832e-01
   1.8784362661979839e-01
   1.7532071817847855e-01
   1.6279780973715868e-01
   1.5027490129583873e-01
   1.3775199285451886e-01
   1.2522908441319894e-01
   1.1270617597187907e-01
   1.0018326753055920e-01
   8.7660359089239345e-02
   7.5137450647919476e-02
   6.2614542206599469e-02
   5.0091633765279600e-02
   3.7568725323959738e-02
   2.5045816882639876e-02
   1.2522908441320013e-02
   0.0000000000000000e+00
