   6.4000000000000000e+01   1.0000000000000000e+00
   1.4657188944087105e+00
   1.4424535151323814e+00
   1.4191881358560527e+00
   1.3959227565797239e+00
   1.3726573773033954e+00
   1.3493919980270668e+00
   1.3261266187507379e+00
   1.3028612394744090e+00
   1.2795958601980804e+00
   1.2563304809217517e+00
   1.2330651016454230e+00
   1.2097997223690944e+00
   1.1865343430927655e+00
   1.1632689638164366e+00
   1.1400035845401080e+00
   1.1167382052637793e+00
   1.0934728259874507e+00
   1.0702074467111218e+00
   1.0469420674347931e+00
   1.0236766881584642e+00
   1.0004113088821356e+00
   9.7714592960580682e-01
   9.5388055032947816e-01
   9.3061517105314939e-01
   9.0734979177682062e-01
   8.8408441250049208e-01
   8.6081903322416309e-01
   8.3755365394783443e-01
   8.1428827467150566e-01
   7.9102289539517701e-01
   7.6775751611884824e-01
   7.4449213684251958e-01
   7.2122675756619070e-01
   6.9796137828986193e-01
   6.7469599901353328e-01
   6.5143061973720462e-01
   6.2816524046087585e-01
   6.0489986118454719e-01
   5.8163448190821831e-01
   5.5836910263188966e-01
   5.3510372335556100e-01
   5.1183834407923212e-01
   4.8857296480290352e-01
   4.6530758552657475e-01
   4.4204220625024604e-01
   4.1877682697391722e-01
   3.9551144769758850e-01
   3.7224606842125979e-01
   3.4898068914493086e-01
   3.2571530986860225e-01
   3.0244993059227365e-01
   2.7918455131594477e-01
   2.5591917203961612e-01
   2.3265379276328724e-01
   2.0938841348695861e-01
   1.8612303421062990e-01
   1.6285765493430113e-01
   1.3959227565797239e-01
   1.1632689638164362e-01
   9.3061517105315017e-02
   6.9796137828986402e-02
   4.6530758552657508e-02
   2.3265379276328903e-02
   0.0000000000000000e+00
