   6.4000000000000000e+01   1.0000000000000000e+00
   1.3831041123427772e+00
   1.3611500788135267e+00
   1.3391960452842766e+00
   1.3172420117550259e+00
   1.2952879782257756e+00
   1.2733339446965253e+00
   1.2513799111672748e+00
   1.2294258776380242e+00
   1.2074718441087740e+00
   1.1855178105795232e+00
   1.1635637770502729e+00
   1.1416097435210226e+00
   1.1196557099917721e+00
   1.0977016764625216e+00
   1.0757476429332713e+00
   1.0537936094040208e+00
   1.0318395758747705e+00
   1.0098855423455200e+00
   9.8793150881626957e-01
   9.6597747528701916e-01
   9.4402344175776864e-01
   9.2206940822851824e-01
   9.0011537469926783e-01
   8.7816134117001732e-01
   8.5620730764076691e-01
   8.3425327411151640e-01
   8.1229924058226610e-01
   7.9034520705301570e-01
   7.6839117352376507e-01
   7.4643713999451489e-01
   7.2448310646526426e-01
   7.0252907293601397e-01
   6.8057503940676356e-01
   6.5862100587751304e-01
   6.3666697234826264e-01
   6.1471293881901234e-01
   5.9275890528976172e-01
   5.7080487176051142e-01
   5.4885083823126091e-01
   5.2689680470201050e-01
   5.0494277117276021e-01
   4.8298873764350958e-01
   4.6103470411425918e-01
   4.3908067058500899e-01
   4.1712663705575836e-01
   3.9517260352650802e-01
   3.7321856999725744e-01
   3.5126453646800704e-01
   3.2931050293875647e-01
   3.0735646940950623e-01
   2.8540243588025588e-01
   2.6344840235100525e-01
   2.4149436882175501e-01
   2.1954033529250450e-01
   1.9758630176325406e-01
   1.7563226823400366e-01
   1.5367823470475311e-01
   1.3172420117550285e-01
   1.0977016764625230e-01
   8.7816134117001912e-02
   6.5862100587751507e-02
   4.3908067058500956e-02
   2.1954033529250554e-02
   0.0000000000000000e+00
