   6.4000000000000000e+01   1.0000000000000000e+00
   0.0000000000000000e+00
   1.9374688226946483e-02
   3.8749376453892967e-02
   5.8124064680839457e-02
   7.7498752907785920e-02
   9.6873441134732410e-02
   1.1624812936167891e-01
   1.3562281758862541e-01
   1.5499750581557187e-01
   1.7437219404251836e-01
   1.9374688226946482e-01
   2.1312157049641131e-01
   2.3249625872335786e-01
   2.5187094695030426e-01
   2.7124563517725081e-01
   2.9062032340419719e-01
   3.0999501163114374e-01
   3.2936969985809023e-01
   3.4874438808503672e-01
   3.6811907631198321e-01
   3.8749376453892964e-01
   4.0686845276587619e-01
   4.2624314099282262e-01
   4.4561782921976917e-01
   4.6499251744671566e-01
   4.8436720567366204e-01
   5.0374189390060853e-01
   5.2311658212755507e-01
   5.4249127035450162e-01
   5.6186595858144806e-01
   5.8124064680839438e-01
   6.0061533503534092e-01
   6.1999002326228747e-01
   6.3936471148923402e-01
   6.5873939971618034e-01
   6.7811408794312689e-01
   6.9748877617007343e-01
   7.1686346439701987e-01
   7.3623815262396641e-01
   7.5561284085091285e-01
   7.7498752907785928e-01
   7.9436221730480583e-01
   8.1373690553175237e-01
   8.3311159375869870e-01
   8.5248628198564524e-01
   8.7186097021259157e-01
   8.9123565843953834e-01
   9.1061034666648466e-01
   9.2998503489343132e-01
   9.4935972312037753e-01
   9.6873441134732408e-01
   9.8810909957427073e-01
   1.0074837878012171e+00
   1.0268584760281636e+00
   1.0462331642551101e+00
   1.0656078524820567e+00
   1.0849825407090032e+00
   1.1043572289359493e+00
   1.1237319171628961e+00
   1.1431066053898424e+00
   1.1624812936167888e+00
   1.1818559818437353e+00
   1.2012306700706818e+00
   1.2206053582976286e+00
