   6.4000000000000000e+01   1.0000000000000000e+00
   0.0000000000000000e+00
   1.6846486678593290e-02
   3.3692973357186587e-02
   5.0539460035779867e-02
   6.7385946714373160e-02
   8.4232433392966446e-02
   1.0107892007155976e-01
   1.1792540675015306e-01
   1.3477189342874632e-01
   1.5161838010733963e-01
   1.6846486678593292e-01
   1.8531135346452621e-01
   2.0215784014311947e-01
   2.1900432682171275e-01
   2.3585081350030607e-01
   2.5269730017889935e-01
   2.6954378685749264e-01
   2.8639027353608593e-01
   3.0323676021467921e-01
   3.2008324689327250e-01
   3.3692973357186579e-01
   3.5377622025045913e-01
   3.7062270692905241e-01
   3.8746919360764576e-01
   4.0431568028623904e-01
   4.2116216696483227e-01
   4.3800865364342562e-01
   4.5485514032201890e-01
   4.7170162700061224e-01
   4.8854811367920548e-01
   5.0539460035779871e-01
   5.2224108703639194e-01
   5.3908757371498528e-01
   5.5593406039357862e-01
   5.7278054707217185e-01
   5.8962703375076519e-01
   6.0647352042935854e-01
   6.2332000710795188e-01
   6.4016649378654511e-01
   6.5701298046513834e-01
   6.7385946714373157e-01
   6.9070595382232503e-01
   7.0755244050091826e-01
   7.2439892717951160e-01
   7.4124541385810483e-01
   7.5809190053669795e-01
   7.7493838721529151e-01
   7.9178487389388463e-01
   8.0863136057247809e-01
   8.2547784725107121e-01
   8.4232433392966455e-01
   8.5917082060825789e-01
   8.7601730728685123e-01
   8.9286379396544457e-01
   9.0971028064403758e-01
   9.2655676732263093e-01
   9.4340325400122427e-01
   9.6024974067981750e-01
   9.7709622735841095e-01
   9.9394271403700429e-01
   1.0107892007155974e+00
   1.0276356873941910e+00
   1.0444821740727839e+00
   1.0613286607513774e+00
