   6.4000000000000000e+01   1.0000000000000000e+00
   8.6604695024953104e-01
   8.5230017326144336e-01
   8.3855339627335557e-01
   8.2480661928526766e-01
   8.1105984229717998e-01
   7.9731306530909218e-01
   7.8356628832100428e-01
   7.6981951133291648e-01
   7.5607273434482880e-01
   7.4232595735674078e-01
   7.2857918036865310e-01
   7.1483240338056542e-01
   7.0108562639247762e-01
   6.8733884940438972e-01
   6.7359207241630203e-01
   6.5984529542821413e-01
   6.4609851844012633e-01
   6.3235174145203865e-01
   6.1860496446395075e-01
   6.0485818747586295e-01
   5.9111141048777516e-01
   5.7736463349968736e-01
   5.6361785651159957e-01
   5.4987107952351177e-01
   5.3612430253542398e-01
   5.2237752554733619e-01
   5.0863074855924850e-01
   4.9488397157116065e-01
   4.8113719458307280e-01
   4.6739041759498501e-01
   4.5364364060689721e-01
   4.3989686361880947e-01
   4.2615008663072168e-01
   4.1240330964263383e-01
   3.9865653265454604e-01
   3.8490975566645824e-01
   3.7116297867837050e-01
   3.5741620169028271e-01
   3.4366942470219486e-01
   3.2992264771410701e-01
   3.1617587072601933e-01
   3.0242909373793148e-01
   2.8868231674984368e-01
   2.7493553976175600e-01
   2.6118876277366804e-01
   2.4744198578558033e-01
   2.3369520879749250e-01
   2.1994843180940474e-01
   2.0620165482131683e-01
   1.9245487783322909e-01
   1.7870810084514135e-01
   1.6496132385705342e-01
   1.5121454686896568e-01
   1.3746776988087794e-01
   1.2372099289279019e-01
   1.0997421590470244e-01
   9.6227438916614547e-02
   8.2480661928526794e-02
   6.8733884940438902e-02
   5.4987107952351150e-02
   4.1240330964263397e-02
   2.7493553976175499e-02
   1.3746776988087749e-02
   0.0000000000000000e+00
