   6.4000000000000000e+01   1.0000000000000000e+00
   9.8274973249395137e-01
   9.6715053039087262e-01
   9.5155132828779398e-01
   9.3595212618471546e-01
   9.2035292408163683e-01
   9.0475372197855819e-01
   8.8915451987547978e-01
   8.7355531777240114e-01
   8.5795611566932239e-01
   8.4235691356624398e-01
   8.2675771146316535e-01
   8.1115850936008660e-01
   7.9555930725700819e-01
   7.7996010515392955e-01
   7.6436090305085080e-01
   7.4876170094777239e-01
   7.3316249884469376e-01
   7.1756329674161501e-01
   7.0196409463853660e-01
   6.8636489253545796e-01
   6.7076569043237932e-01
   6.5516648832930080e-01
   6.3956728622622216e-01
   6.2396808412314364e-01
   6.0836888202006500e-01
   5.9276967991698648e-01
   5.7717047781390796e-01
   5.6157127571082921e-01
   5.4597207360775069e-01
   5.3037287150467216e-01
   5.1477366940159353e-01
   4.9917446729851500e-01
   4.8357526519543631e-01
   4.6797606309235773e-01
   4.5237686098927909e-01
   4.3677765888620063e-01
   4.2117845678312199e-01
   4.0557925468004341e-01
   3.8998005257696478e-01
   3.7438085047388620e-01
   3.5878164837080762e-01
   3.4318244626772898e-01
   3.2758324416465040e-01
   3.1198404206157193e-01
   2.9638483995849330e-01
   2.8078563785541460e-01
   2.6518643575233602e-01
   2.4958723364925750e-01
   2.3398803154617887e-01
   2.1838882944310023e-01
   2.0278962734002173e-01
   1.8719042523694310e-01
   1.7159122313386460e-01
   1.5599202103078583e-01
   1.4039281892770730e-01
   1.2479361682462883e-01
   1.0919441472155018e-01
   9.3595212618471549e-02
   7.7996010515392913e-02
   6.2396808412314417e-02
   4.6797606309235927e-02
   3.1198404206157132e-02
   1.5599202103078641e-02
   0.0000000000000000e+00
