   6.4000000000000000e+01   1.0000000000000000e+00
   0.0000000000000000e+00
   1.4361929842569055e-02
   2.8723859685138110e-02
   4.3085789527707169e-02
   5.7447719370276221e-02
   7.1809649212845272e-02
   8.6171579055414338e-02
   1.0053350889798347e-01
   1.1489543874055244e-01
   1.2925736858312153e-01
   1.4361929842569060e-01
   1.5798122826825967e-01
   1.7234315811082873e-01
   1.8670508795339780e-01
   2.0106701779596689e-01
   2.1542894763853590e-01
   2.2979087748110499e-01
   2.4415280732367403e-01
   2.5851473716624307e-01
   2.7287666700881219e-01
   2.8723859685138126e-01
   3.0160052669395027e-01
   3.1596245653651933e-01
   3.3032438637908845e-01
   3.4468631622165757e-01
   3.5904824606422653e-01
   3.7341017590679559e-01
   3.8777210574936471e-01
   4.0213403559193378e-01
   4.1649596543450279e-01
   4.3085789527707186e-01
   4.4521982511964092e-01
   4.4521982511964103e-01
   4.3085789527707197e-01
   4.1649596543450279e-01
   4.0213403559193389e-01
   3.8777210574936471e-01
   3.7341017590679565e-01
   3.5904824606422658e-01
   3.4468631622165757e-01
   3.3032438637908851e-01
   3.1596245653651933e-01
   3.0160052669395038e-01
   2.8723859685138137e-01
   2.7287666700881219e-01
   2.5851473716624318e-01
   2.4415280732367403e-01
   2.2979087748110508e-01
   2.1542894763853590e-01
   2.0106701779596695e-01
   1.8670508795339791e-01
   1.7234315811082873e-01
   1.5798122826825975e-01
   1.4361929842569060e-01
   1.2925736858312156e-01
   1.1489543874055258e-01
   1.0053350889798347e-01
   8.6171579055414407e-02
   7.1809649212845272e-02
   5.7447719370276290e-02
   4.3085789527707245e-02
   2.8723859685138110e-02
   1.4361929842569131e-02
   0.0000000000000000e+00
