   6.4000000000000000e+01   1.0000000000000000e+00
   0.0000000000000000e+00
   1.8738144868908062e-02
   3.7476289737816047e-02
   5.6214434606724040e-02
   7.4952579475632025e-02
   9.3690724344539997e-02
   1.1242886921344808e-01
   1.3116701408235606e-01
   1.4990515895126405e-01
   1.6864330382017201e-01
   1.8738144868908008e-01
   2.0611959355798806e-01
   2.2485773842689616e-01
   2.4359588329580412e-01
   2.6233402816471213e-01
   2.8107217303362009e-01
   2.9981031790252810e-01
   3.1854846277143611e-01
   3.3728660764034413e-01
   3.5602475250925220e-01
   3.7476289737816010e-01
   3.9350104224706811e-01
   4.1223918711597612e-01
   4.3097733198488425e-01
   4.4971547685379221e-01
   4.6845362172270011e-01
   4.8719176659160818e-01
   5.0592991146051614e-01
   5.2466805632942426e-01
   5.4340620119833216e-01
   5.6214434606724017e-01
   5.8088249093614819e-01
   5.8088249093614830e-01
   5.6214434606724029e-01
   5.4340620119833216e-01
   5.2466805632942426e-01
   5.0592991146051625e-01
   4.8719176659160823e-01
   4.6845362172270028e-01
   4.4971547685379221e-01
   4.3097733198488425e-01
   4.1223918711597612e-01
   3.9350104224706822e-01
   3.7476289737816032e-01
   3.5602475250925220e-01
   3.3728660764034424e-01
   3.1854846277143611e-01
   2.9981031790252821e-01
   2.8107217303362009e-01
   2.6233402816471213e-01
   2.4359588329580420e-01
   2.2485773842689616e-01
   2.0611959355798815e-01
   1.8738144868908008e-01
   1.6864330382017209e-01
   1.4990515895126419e-01
   1.3116701408235606e-01
   1.1242886921344813e-01
   9.3690724344539997e-02
   7.4952579475632095e-02
   5.6214434606724185e-02
   3.7476289737816047e-02
   1.8738144868908135e-02
   0.0000000000000000e+00
