   6.4000000000000000e+01   1.0000000000000000e+00
   0.0000000000000000e+00
   2.5262478343567828e-02
   5.0524956687135809e-02
   7.5787435030703496e-02
   1.0104991337427147e-01
   1.2631239171783937e-01
   1.5157487006140727e-01
   1.7683734840497517e-01
   2.0209982674854302e-01
   2.2736230509211092e-01
   2.5262478343567879e-01
   2.7788726177924672e-01
   3.0314974012281459e-01
   3.2841221846638247e-01
   3.5367469680995034e-01
   3.7893717515351821e-01
   4.0419965349708609e-01
   4.2946213184065402e-01
   4.5472461018422189e-01
   4.7998708852778976e-01
   5.0524956687135758e-01
   5.3051204521492556e-01
   5.5577452355849344e-01
   5.8103700190206142e-01
   6.0629948024562919e-01
   6.3156195858919706e-01
   6.5682443693276504e-01
   6.8208691527633281e-01
   7.0734939361990068e-01
   7.3261187196346866e-01
   7.5787435030703654e-01
   7.8313682865060430e-01
   7.8313682865060441e-01
   7.5787435030703665e-01
   7.3261187196346866e-01
   7.0734939361990079e-01
   6.8208691527633303e-01
   6.5682443693276504e-01
   6.3156195858919717e-01
   6.0629948024562919e-01
   5.8103700190206142e-01
   5.5577452355849344e-01
   5.3051204521492556e-01
   5.0524956687135780e-01
   4.7998708852778976e-01
   4.5472461018422206e-01
   4.2946213184065402e-01
   4.0419965349708625e-01
   3.7893717515351821e-01
   3.5367469680995040e-01
   3.2841221846638263e-01
   3.0314974012281459e-01
   2.7788726177924677e-01
   2.5262478343567879e-01
   2.2736230509211100e-01
   2.0209982674854324e-01
   1.7683734840497517e-01
   1.5157487006140735e-01
   1.2631239171783937e-01
   1.0104991337427162e-01
   7.5787435030703787e-02
   5.0524956687135809e-02
   2.5262478343567978e-02
   0.0000000000000000e+00
