   3.2000000000000000e+01   1.0000000000000000e+00
   0.0000000000000000e+00
   2.5936759124014587e-02
   5.1873518248029160e-02
   7.7810277372043754e-02
   1.0374703649605832e-01
   1.2968379562007293e-01
   1.5562055474408754e-01
   1.8155731386810214e-01
   2.0749407299211670e-01
   2.3343083211613125e-01
   2.5936759124014586e-01
   2.8530435036416046e-01
   3.1124110948817507e-01
   3.3717786861218962e-01
   3.6311462773620423e-01
   3.8905138686021873e-01
   4.1498814598423328e-01
   4.4092490510824794e-01
   4.6686166423226244e-01
   4.9279842335627716e-01
   5.1873518248029171e-01
   5.4467194160430632e-01
   5.7060870072832082e-01
   5.9654545985233542e-01
   6.2248221897635014e-01
   6.4841897810036464e-01
   6.7435573722437914e-01
   7.0029249634839386e-01
   7.2622925547240846e-01
   7.5216601459642307e-01
   7.7810277372043757e-01
   8.0403953284445218e-01
