   3.2000000000000000e+01   1.0000000000000000e+00
   8.0403953284445218e-01
   7.7810277372043746e-01
   7.5216601459642285e-01
   7.2622925547240824e-01
   7.0029249634839374e-01
   6.7435573722437914e-01
   6.4841897810036453e-01
   6.2248221897635003e-01
   5.9654545985233542e-01
   5.7060870072832071e-01
   5.4467194160430632e-01
   5.1873518248029160e-01
   4.9279842335627705e-01
   4.6686166423226244e-01
   4.4092490510824789e-01
   4.1498814598423328e-01
   3.8905138686021873e-01
   3.6311462773620412e-01
   3.3717786861218957e-01
   3.1124110948817491e-01
   2.8530435036416035e-01
   2.5936759124014580e-01
   2.3343083211613119e-01
   2.0749407299211658e-01
   1.8155731386810200e-01
   1.5562055474408745e-01
   1.2968379562007293e-01
   1.0374703649605826e-01
   7.7810277372043726e-02
   5.1873518248029056e-02
   2.5936759124014528e-02
   0.0000000000000000e+00
