   6.4000000000000000e+01   1.0000000000000000e+00
   0.0000000000000000e+00
   7.1016375179511274e-03
   1.4203275035902255e-02
   2.1304912553853347e-02
   2.8406550071804475e-02
   3.5508187589755567e-02
   4.2609825107706695e-02
   4.9711462625657822e-02
   5.6813100143608915e-02
   6.3914737661560014e-02
   7.1016375179511149e-02
   7.8118012697462269e-02
   8.5219650215413389e-02
   9.2321287733364496e-02
   9.9422925251315603e-02
   1.0652456276926671e-01
   1.1362620028721783e-01
   1.2072783780516895e-01
   1.2782947532312006e-01
   1.3493111284107118e-01
   1.4203275035902230e-01
   1.4913438787697339e-01
   1.5623602539492454e-01
   1.6333766291287563e-01
   1.7043930043082678e-01
   1.7754093794877784e-01
   1.8464257546672896e-01
   1.9174421298468008e-01
   1.9884585050263121e-01
   2.0594748802058230e-01
   2.1304912553853339e-01
   2.2015076305648451e-01
   2.2015076305648454e-01
   2.1304912553853342e-01
   2.0594748802058230e-01
   1.9884585050263126e-01
   1.9174421298468011e-01
   1.8464257546672899e-01
   1.7754093794877784e-01
   1.7043930043082678e-01
   1.6333766291287566e-01
   1.5623602539492454e-01
   1.4913438787697342e-01
   1.4203275035902233e-01
   1.3493111284107118e-01
   1.2782947532312008e-01
   1.2072783780516895e-01
   1.1362620028721786e-01
   1.0652456276926671e-01
   9.9422925251315630e-02
   9.2321287733364538e-02
   8.5219650215413389e-02
   7.8118012697462297e-02
   7.1016375179511149e-02
   6.3914737661560056e-02
   5.6813100143608970e-02
   4.9711462625657822e-02
   4.2609825107706729e-02
   3.5508187589755567e-02
   2.8406550071804509e-02
   2.1304912553853420e-02
   1.4203275035902255e-02
   7.1016375179511647e-03
   0.0000000000000000e+00
