   6.4000000000000000e+01   1.0000000000000000e+00
   0.0000000000000000e+00
   7.1016375179511143e-03
   1.4203275035902229e-02
   2.1304912553853337e-02
   2.8406550071804450e-02
   3.5508187589755567e-02
   4.2609825107706695e-02
   4.9711462625657801e-02
   5.6813100143608915e-02
   6.3914737661560014e-02
   7.1016375179511149e-02
   7.8118012697462269e-02
   8.5219650215413376e-02
   9.2321287733364482e-02
   9.9422925251315589e-02
   1.0652456276926670e-01
   1.1362620028721780e-01
   1.2072783780516894e-01
   1.2782947532312003e-01
   1.3493111284107115e-01
   1.4203275035902227e-01
   1.4913438787697336e-01
   1.5623602539492451e-01
   1.6333766291287560e-01
   1.7043930043082675e-01
   1.7754093794877782e-01
   1.8464257546672896e-01
   1.9174421298468003e-01
   1.9884585050263118e-01
   2.0594748802058230e-01
   2.1304912553853339e-01
   2.2015076305648451e-01
   2.2725240057443560e-01
   2.3435403809238672e-01
   2.4145567561033787e-01
   2.4855731312828896e-01
   2.5565895064624006e-01
   2.6276058816419118e-01
   2.6986222568214230e-01
   2.7696386320009342e-01
   2.8406550071804454e-01
   2.9116713823599566e-01
   2.9826877575394672e-01
   3.0537041327189784e-01
   3.1247205078984902e-01
   3.1957368830780009e-01
   3.2667532582575126e-01
   3.3377696334370233e-01
   3.4087860086165350e-01
   3.4798023837960451e-01
   3.5508187589755563e-01
   3.6218351341550681e-01
   3.6928515093345793e-01
   3.7638678845140905e-01
   3.8348842596936006e-01
   3.9059006348731118e-01
   3.9769170100526235e-01
   4.0479333852321342e-01
   4.1189497604116460e-01
   4.1899661355911566e-01
   4.2609825107706678e-01
   4.3319988859501796e-01
   4.4030152611296902e-01
   4.4740316363092020e-01
