   6.4000000000000000e+01   1.0000000000000000e+00
   4.8499617047322074e-01
   4.7729781856094744e-01
   4.6959946664867408e-01
   4.6190111473640066e-01
   4.5420276282412742e-01
   4.4650441091185405e-01
   4.3880605899958064e-01
   4.3110770708730733e-01
   4.2340935517503397e-01
   4.1571100326276073e-01
   4.0801265135048731e-01
   4.0031429943821401e-01
   3.9261594752594065e-01
   3.8491759561366734e-01
   3.7721924370139392e-01
   3.6952089178912062e-01
   3.6182253987684720e-01
   3.5412418796457390e-01
   3.4642583605230054e-01
   3.3872748414002724e-01
   3.3102913222775393e-01
   3.2333078031548051e-01
   3.1563242840320715e-01
   3.0793407649093385e-01
   3.0023572457866043e-01
   2.9253737266638719e-01
   2.8483902075411383e-01
   2.7714066884184047e-01
   2.6944231692956710e-01
   2.6174396501729374e-01
   2.5404561310502044e-01
   2.4634726119274708e-01
   2.3864890928047375e-01
   2.3095055736820039e-01
   2.2325220545592703e-01
   2.1555385354365370e-01
   2.0785550163138039e-01
   2.0015714971910703e-01
   1.9245879780683367e-01
   1.8476044589456031e-01
   1.7706209398228698e-01
   1.6936374207001362e-01
   1.6166539015774031e-01
   1.5396703824546698e-01
   1.4626868633319359e-01
   1.3857033442092026e-01
   1.3087198250864684e-01
   1.2317363059637361e-01
   1.1547527868410021e-01
   1.0777692677182689e-01
   1.0007857485955357e-01
   9.2380222947280183e-02
   8.4681871035006837e-02
   7.6983519122733449e-02
   6.9285167210460130e-02
   6.1586815298186805e-02
   5.3888463385913486e-02
   4.6190111473640161e-02
   3.8491759561366759e-02
   3.0793407649093437e-02
   2.3095055736820119e-02
   1.5396703824546719e-02
   7.6983519122733983e-03
   0.0000000000000000e+00
