   6.4000000000000000e+01   1.0000000000000000e+00
   0.0000000000000000e+00
   7.6983519122733463e-03
   1.5396703824546689e-02
   2.3095055736820035e-02
   3.0793407649093378e-02
   3.8491759561366724e-02
   4.6190111473640078e-02
   5.3888463385913417e-02
   6.1586815298186756e-02
   6.9285167210460102e-02
   7.6983519122733435e-02
   8.4681871035006795e-02
   9.2380222947280155e-02
   1.0007857485955347e-01
   1.0777692677182683e-01
   1.1547527868410015e-01
   1.2317363059637351e-01
   1.3087198250864684e-01
   1.3857033442092020e-01
   1.4626868633319356e-01
   1.5396703824546687e-01
   1.6166539015774026e-01
   1.6936374207001362e-01
   1.7706209398228695e-01
   1.8476044589456031e-01
   1.9245879780683361e-01
   2.0015714971910700e-01
   2.0785550163138033e-01
   2.1555385354365367e-01
   2.2325220545592703e-01
   2.3095055736820033e-01
   2.3864890928047372e-01
   2.4634726119274702e-01
   2.5404561310502044e-01
   2.6174396501729374e-01
   2.6944231692956705e-01
   2.7714066884184041e-01
   2.8483902075411377e-01
   2.9253737266638713e-01
   3.0023572457866043e-01
   3.0793407649093379e-01
   3.1563242840320715e-01
   3.2333078031548051e-01
   3.3102913222775382e-01
   3.3872748414002718e-01
   3.4642583605230048e-01
   3.5412418796457390e-01
   3.6182253987684715e-01
   3.6952089178912056e-01
   3.7721924370139387e-01
   3.8491759561366717e-01
   3.9261594752594059e-01
   4.0031429943821389e-01
   4.0801265135048731e-01
   4.1571100326276067e-01
   4.2340935517503392e-01
   4.3110770708730728e-01
   4.3880605899958058e-01
   4.4650441091185400e-01
   4.5420276282412736e-01
   4.6190111473640061e-01
   4.6959946664867402e-01
   4.7729781856094733e-01
   4.8499617047322074e-01
