   6.4000000000000000e+01   1.0000000000000000e+00
   5.2266400924885081e-01
   5.1436775513378963e-01
   5.0607150101872855e-01
   4.9777524690366742e-01
   4.8947899278860624e-01
   4.8118273867354511e-01
   4.7288648455848398e-01
   4.6459023044342296e-01
   4.5629397632836172e-01
   4.4799772221330059e-01
   4.3970146809823951e-01
   4.3140521398317838e-01
   4.2310895986811725e-01
   4.1481270575305612e-01
   4.0651645163799499e-01
   3.9822019752293392e-01
   3.8992394340787284e-01
   3.8162768929281160e-01
   3.7333143517775053e-01
   3.6503518106268940e-01
   3.5673892694762838e-01
   3.4844267283256714e-01
   3.4014641871750600e-01
   3.3185016460244493e-01
   3.2355391048738380e-01
   3.1525765637232273e-01
   3.0696140225726160e-01
   2.9866514814220041e-01
   2.9036889402713933e-01
   2.8207263991207820e-01
   2.7377638579701707e-01
   2.6548013168195594e-01
   2.5718387756689481e-01
   2.4888762345183371e-01
   2.4059136933677255e-01
   2.3229511522171151e-01
   2.2399886110665035e-01
   2.1570260699158919e-01
   2.0740635287652812e-01
   1.9911009876146696e-01
   1.9081384464640588e-01
   1.8251759053134467e-01
   1.7422133641628365e-01
   1.6592508230122255e-01
   1.5762882818616136e-01
   1.4933257407110026e-01
   1.4103631995603907e-01
   1.3274006584097797e-01
   1.2444381172591686e-01
   1.1614755761085577e-01
   1.0785130349579466e-01
   9.9555049380733479e-02
   9.1258795265672377e-02
   8.2962541150611274e-02
   7.4666287035550158e-02
   6.6370032920489069e-02
   5.8073778805427884e-02
   4.9777524690366781e-02
   4.1481270575305602e-02
   3.3185016460244569e-02
   2.4888762345183463e-02
   1.6592508230122285e-02
   8.2962541150611805e-03
   0.0000000000000000e+00
