   6.4000000000000000e+01   1.0000000000000000e+00
   0.0000000000000000e+00
   8.2962541150611423e-03
   1.6592508230122247e-02
   2.4888762345183352e-02
   3.3185016460244493e-02
   4.1481270575305602e-02
   4.9777524690366740e-02
   5.8073778805427884e-02
   6.6370032920488958e-02
   7.4666287035550089e-02
   8.2962541150611233e-02
   9.1258795265672335e-02
   9.9555049380733479e-02
   1.0785130349579458e-01
   1.1614755761085571e-01
   1.2444381172591683e-01
   1.3274006584097797e-01
   1.4103631995603907e-01
   1.4933257407110018e-01
   1.5762882818616133e-01
   1.6592508230122244e-01
   1.7422133641628357e-01
   1.8251759053134467e-01
   1.9081384464640580e-01
   1.9911009876146696e-01
   2.0740635287652803e-01
   2.1570260699158916e-01
   2.2399886110665029e-01
   2.3229511522171142e-01
   2.4059136933677255e-01
   2.4888762345183366e-01
   2.5718387756689476e-01
   2.5718387756689481e-01
   2.4888762345183366e-01
   2.4059136933677255e-01
   2.3229511522171148e-01
   2.2399886110665035e-01
   2.1570260699158919e-01
   2.0740635287652806e-01
   1.9911009876146696e-01
   1.9081384464640586e-01
   1.8251759053134467e-01
   1.7422133641628357e-01
   1.6592508230122252e-01
   1.5762882818616136e-01
   1.4933257407110023e-01
   1.4103631995603907e-01
   1.3274006584097800e-01
   1.2444381172591683e-01
   1.1614755761085574e-01
   1.0785130349579464e-01
   9.9555049380733479e-02
   9.1258795265672377e-02
   8.2962541150611233e-02
   7.4666287035550130e-02
   6.6370032920489028e-02
   5.8073778805427884e-02
   4.9777524690366781e-02
   4.1481270575305602e-02
   3.3185016460244535e-02
   2.4888762345183425e-02
   1.6592508230122247e-02
   8.2962541150611805e-03
   0.0000000000000000e+00
