   6.4000000000000000e+01   1.0000000000000000e+00
   0.0000000000000000e+00
   8.2962541150611233e-03
   1.6592508230122247e-02
   2.4888762345183366e-02
   3.3185016460244486e-02
   4.1481270575305616e-02
   4.9777524690366740e-02
   5.8073778805427870e-02
   6.6370032920488986e-02
   7.4666287035550089e-02
   8.2962541150611219e-02
   9.1258795265672335e-02
   9.9555049380733479e-02
   1.0785130349579458e-01
   1.1614755761085571e-01
   1.2444381172591680e-01
   1.3274006584097797e-01
   1.4103631995603907e-01
   1.4933257407110018e-01
   1.5762882818616133e-01
   1.6592508230122241e-01
   1.7422133641628357e-01
   1.8251759053134470e-01
   1.9081384464640580e-01
   1.9911009876146696e-01
   2.0740635287652806e-01
   2.1570260699158916e-01
   2.2399886110665029e-01
   2.3229511522171148e-01
   2.4059136933677255e-01
   2.4888762345183366e-01
   2.5718387756689481e-01
   2.6548013168195594e-01
   2.7377638579701702e-01
   2.8207263991207820e-01
   2.9036889402713928e-01
   2.9866514814220041e-01
   3.0696140225726154e-01
   3.1525765637232267e-01
   3.2355391048738380e-01
   3.3185016460244487e-01
   3.4014641871750600e-01
   3.4844267283256708e-01
   3.5673892694762821e-01
   3.6503518106268934e-01
   3.7333143517775047e-01
   3.8162768929281160e-01
   3.8992394340787273e-01
   3.9822019752293386e-01
   4.0651645163799494e-01
   4.1481270575305607e-01
   4.2310895986811725e-01
   4.3140521398317833e-01
   4.3970146809823946e-01
   4.4799772221330053e-01
   4.5629397632836166e-01
   4.6459023044342285e-01
   4.7288648455848392e-01
   4.8118273867354511e-01
   4.8947899278860613e-01
   4.9777524690366720e-01
   5.0607150101872844e-01
   5.1436775513378952e-01
   5.2266400924885081e-01
