   6.4000000000000000e+01   1.0000000000000000e+00
   5.9824814771963941e-01
   5.8875214537488330e-01
   5.7925614303012707e-01
   5.6976014068537084e-01
   5.6026413834061461e-01
   5.5076813599585839e-01
   5.4127213365110227e-01
   5.3177613130634616e-01
   5.2228012896158993e-01
   5.1278412661683370e-01
   5.0328812427207748e-01
   4.9379212192732136e-01
   4.8429611958256519e-01
   4.7480011723780902e-01
   4.6530411489305279e-01
   4.5580811254829667e-01
   4.4631211020354050e-01
   4.3681610785878433e-01
   4.2732010551402810e-01
   4.1782410316927193e-01
   4.0832810082451582e-01
   3.9883209847975964e-01
   3.8933609613500342e-01
   3.7984009379024725e-01
   3.7034409144549102e-01
   3.6084808910073485e-01
   3.5135208675597862e-01
   3.4185608441122251e-01
   3.3236008206646633e-01
   3.2286407972171011e-01
   3.1336807737695399e-01
   3.0387207503219782e-01
   2.9437607268744165e-01
   2.8488007034268548e-01
   2.7538406799792919e-01
   2.6588806565317308e-01
   2.5639206330841685e-01
   2.4689606096366074e-01
   2.3740005861890454e-01
   2.2790405627414834e-01
   2.1840805392939222e-01
   2.0891205158463597e-01
   1.9941604923987982e-01
   1.8992004689512368e-01
   1.8042404455036742e-01
   1.7092804220561131e-01
   1.6143203986085511e-01
   1.5193603751609891e-01
   1.4244003517134271e-01
   1.3294403282658657e-01
   1.2344803048183037e-01
   1.1395202813707417e-01
   1.0445602579231805e-01
   9.4960023447561770e-02
   8.5464021102805654e-02
   7.5968018758049524e-02
   6.6472016413293242e-02
   5.6976014068537126e-02
   4.7480011723780920e-02
   3.7984009379024727e-02
   2.8488007034268601e-02
   1.8992004689512398e-02
   9.4960023447561992e-03
   0.0000000000000000e+00
