   6.4000000000000000e+01   1.0000000000000000e+00
   0.0000000000000000e+00
   9.4960023447561992e-03
   1.8992004689512398e-02
   2.8488007034268525e-02
   3.7984009379024727e-02
   4.7480011723780920e-02
   5.6976014068537084e-02
   6.6472016413293283e-02
   7.5968018758049455e-02
   8.5464021102805612e-02
   9.4960023447561812e-02
   1.0445602579231801e-01
   1.1395202813707417e-01
   1.2344803048183034e-01
   1.3294403282658654e-01
   1.4244003517134271e-01
   1.5193603751609891e-01
   1.6143203986085508e-01
   1.7092804220561122e-01
   1.8042404455036742e-01
   1.8992004689512362e-01
   1.9941604923987979e-01
   2.0891205158463599e-01
   2.1840805392939217e-01
   2.2790405627414834e-01
   2.3740005861890451e-01
   2.4689606096366068e-01
   2.5639206330841685e-01
   2.6588806565317308e-01
   2.7538406799792919e-01
   2.8488007034268542e-01
   2.9437607268744165e-01
   2.9437607268744165e-01
   2.8488007034268548e-01
   2.7538406799792919e-01
   2.6588806565317308e-01
   2.5639206330841691e-01
   2.4689606096366074e-01
   2.3740005861890454e-01
   2.2790405627414834e-01
   2.1840805392939222e-01
   2.0891205158463599e-01
   1.9941604923987982e-01
   1.8992004689512368e-01
   1.8042404455036745e-01
   1.7092804220561131e-01
   1.6143203986085508e-01
   1.5193603751609894e-01
   1.4244003517134271e-01
   1.3294403282658654e-01
   1.2344803048183040e-01
   1.1395202813707417e-01
   1.0445602579231805e-01
   9.4960023447561812e-02
   8.5464021102805654e-02
   7.5968018758049524e-02
   6.6472016413293283e-02
   5.6976014068537126e-02
   4.7480011723780920e-02
   3.7984009379024762e-02
   2.8488007034268636e-02
   1.8992004689512398e-02
   9.4960023447562374e-03
   0.0000000000000000e+00
