   6.4000000000000000e+01   1.0000000000000000e+00
   0.0000000000000000e+00
   1.0098040631697832e-02
   2.0196081263395664e-02
   3.0294121895093461e-02
   4.0392162526791286e-02
   5.0490203158489122e-02
   6.0588243790186957e-02
   7.0686284421884793e-02
   8.0784325053582573e-02
   9.0882365685280408e-02
   1.0098040631697824e-01
   1.1107844694867608e-01
   1.2117648758037391e-01
   1.3127452821207175e-01
   1.4137256884376959e-01
   1.5147060947546739e-01
   1.6156865010716520e-01
   1.7166669073886309e-01
   1.8176473137056087e-01
   1.9186277200225871e-01
   2.0196081263395649e-01
   2.1205885326565432e-01
   2.2215689389735216e-01
   2.3225493452904999e-01
   2.4235297516074783e-01
   2.5245101579244567e-01
   2.6254905642414350e-01
   2.7264709705584134e-01
   2.8274513768753917e-01
   2.9284317831923695e-01
   3.0294121895093473e-01
   3.1303925958263262e-01
   3.1303925958263268e-01
   3.0294121895093484e-01
   2.9284317831923695e-01
   2.8274513768753923e-01
   2.7264709705584134e-01
   2.6254905642414350e-01
   2.5245101579244567e-01
   2.4235297516074783e-01
   2.3225493452905008e-01
   2.2215689389735216e-01
   2.1205885326565441e-01
   2.0196081263395657e-01
   1.9186277200225876e-01
   1.8176473137056090e-01
   1.7166669073886309e-01
   1.6156865010716526e-01
   1.5147060947546739e-01
   1.4137256884376964e-01
   1.3127452821207181e-01
   1.2117648758037391e-01
   1.1107844694867616e-01
   1.0098040631697824e-01
   9.0882365685280450e-02
   8.0784325053582698e-02
   7.0686284421884793e-02
   6.0588243790187027e-02
   5.0490203158489122e-02
   4.0392162526791363e-02
   3.0294121895093572e-02
   2.0196081263395664e-02
   1.0098040631697907e-02
   0.0000000000000000e+00
