   6.4000000000000000e+01   1.0000000000000000e+00
   6.7420403651660743e-01
   6.6350238514332793e-01
   6.5280073377004844e-01
   6.4209908239676894e-01
   6.3139743102348944e-01
   6.2069577965020994e-01
   6.0999412827693056e-01
   5.9929247690365095e-01
   5.8859082553037145e-01
   5.7788917415709196e-01
   5.6718752278381257e-01
   5.5648587141053318e-01
   5.4578422003725358e-01
   5.3508256866397408e-01
   5.2438091729069469e-01
   5.1367926591741520e-01
   5.0297761454413570e-01
   4.9227596317085615e-01
   4.8157431179757670e-01
   4.7087266042429715e-01
   4.6017100905101782e-01
   4.4946935767773827e-01
   4.3876770630445883e-01
   4.2806605493117933e-01
   4.1736440355789983e-01
   4.0666275218462045e-01
   3.9596110081134089e-01
   3.8525944943806134e-01
   3.7455779806478195e-01
   3.6385614669150246e-01
   3.5315449531822296e-01
   3.4245284394494352e-01
   3.3175119257166397e-01
   3.2104954119838452e-01
   3.1034788982510503e-01
   2.9964623845182559e-01
   2.8894458707854609e-01
   2.7824293570526659e-01
   2.6754128433198715e-01
   2.5683963295870760e-01
   2.4613798158542818e-01
   2.3543633021214866e-01
   2.2473467883886922e-01
   2.1403302746558975e-01
   2.0333137609231022e-01
   1.9262972471903075e-01
   1.8192807334575123e-01
   1.7122642197247182e-01
   1.6052477059919229e-01
   1.4982311922591282e-01
   1.3912146785263338e-01
   1.2841981647935383e-01
   1.1771816510607437e-01
   1.0701651373279483e-01
   9.6314862359515446e-02
   8.5613210986235991e-02
   7.4911559612956452e-02
   6.4209908239676997e-02
   5.3508256866397451e-02
   4.2806605493117995e-02
   3.2104954119838609e-02
   2.1403302746559074e-02
   1.0701651373279610e-02
   0.0000000000000000e+00
