   6.4000000000000000e+01   1.0000000000000000e+00
   0.0000000000000000e+00
   1.1306933046041821e-02
   2.2613866092083715e-02
   3.3920799138125540e-02
   4.5227732184167403e-02
   5.6534665230209294e-02
   6.7841598276251150e-02
   7.9148531322293061e-02
   9.0455464368334862e-02
   1.0176239741437673e-01
   1.1306933046041859e-01
   1.2437626350646049e-01
   1.3568319655250236e-01
   1.4699012959854421e-01
   1.5829706264458607e-01
   1.6960399569062792e-01
   1.8091092873666978e-01
   1.9221786178271164e-01
   2.0352479482875349e-01
   2.1483172787479538e-01
   2.2613866092083726e-01
   2.3744559396687906e-01
   2.4875252701292097e-01
   2.6005946005896285e-01
   2.7136639310500477e-01
   2.8267332615104657e-01
   2.9398025919708842e-01
   3.0528719224313033e-01
   3.1659412528917219e-01
   3.2790105833521399e-01
   3.3920799138125585e-01
   3.5051492442729776e-01
   3.5051492442729776e-01
   3.3920799138125590e-01
   3.2790105833521399e-01
   3.1659412528917225e-01
   3.0528719224313033e-01
   2.9398025919708848e-01
   2.8267332615104662e-01
   2.7136639310500477e-01
   2.6005946005896285e-01
   2.4875252701292097e-01
   2.3744559396687914e-01
   2.2613866092083734e-01
   2.1483172787479540e-01
   2.0352479482875357e-01
   1.9221786178271164e-01
   1.8091092873666981e-01
   1.6960399569062792e-01
   1.5829706264458612e-01
   1.4699012959854427e-01
   1.3568319655250236e-01
   1.2437626350646051e-01
   1.1306933046041859e-01
   1.0176239741437676e-01
   9.0455464368334945e-02
   7.9148531322293061e-02
   6.7841598276251192e-02
   5.6534665230209294e-02
   4.5227732184167473e-02
   3.3920799138125658e-02
   2.2613866092083715e-02
   1.1306933046041896e-02
   0.0000000000000000e+00
