   6.4000000000000000e+01   1.0000000000000000e+00
   0.0000000000000000e+00
   1.0701651373279499e-02
   2.1403302746558998e-02
   3.2104954119838422e-02
   4.2806605493117919e-02
   5.3508256866397416e-02
   6.4209908239676872e-02
   7.4911559612956369e-02
   8.5613210986235838e-02
   9.6314862359515294e-02
   1.0701651373279479e-01
   1.1771816510607429e-01
   1.2841981647935380e-01
   1.3912146785263327e-01
   1.4982311922591274e-01
   1.6052477059919223e-01
   1.7122642197247168e-01
   1.8192807334575117e-01
   1.9262972471903067e-01
   2.0333137609231014e-01
   2.1403302746558958e-01
   2.2473467883886911e-01
   2.3543633021214858e-01
   2.4613798158542807e-01
   2.5683963295870754e-01
   2.6754128433198704e-01
   2.7824293570526654e-01
   2.8894458707854598e-01
   2.9964623845182548e-01
   3.1034788982510497e-01
   3.2104954119838441e-01
   3.3175119257166391e-01
   3.3175119257166397e-01
   3.2104954119838447e-01
   3.1034788982510497e-01
   2.9964623845182548e-01
   2.8894458707854603e-01
   2.7824293570526659e-01
   2.6754128433198704e-01
   2.5683963295870754e-01
   2.4613798158542813e-01
   2.3543633021214858e-01
   2.2473467883886913e-01
   2.1403302746558969e-01
   2.0333137609231017e-01
   1.9262972471903075e-01
   1.8192807334575117e-01
   1.7122642197247176e-01
   1.6052477059919223e-01
   1.4982311922591274e-01
   1.3912146785263335e-01
   1.2841981647935380e-01
   1.1771816510607433e-01
   1.0701651373279479e-01
   9.6314862359515377e-02
   8.5613210986235908e-02
   7.4911559612956369e-02
   6.4209908239676955e-02
   5.3508256866397416e-02
   4.2806605493117954e-02
   3.2104954119838533e-02
   2.1403302746558998e-02
   1.0701651373279537e-02
   0.0000000000000000e+00
