   6.4000000000000000e+01   1.0000000000000000e+00
   0.0000000000000000e+00
   1.1306933046041863e-02
   2.2613866092083726e-02
   3.3920799138125596e-02
   4.5227732184167452e-02
   5.6534665230209322e-02
   6.7841598276251192e-02
   7.9148531322293061e-02
   9.0455464368334904e-02
   1.0176239741437676e-01
   1.1306933046041863e-01
   1.2437626350646051e-01
   1.3568319655250238e-01
   1.4699012959854421e-01
   1.5829706264458612e-01
   1.6960399569062795e-01
   1.8091092873666981e-01
   1.9221786178271169e-01
   2.0352479482875352e-01
   2.1483172787479540e-01
   2.2613866092083726e-01
   2.3744559396687914e-01
   2.4875252701292103e-01
   2.6005946005896285e-01
   2.7136639310500477e-01
   2.8267332615104662e-01
   2.9398025919708842e-01
   3.0528719224313033e-01
   3.1659412528917225e-01
   3.2790105833521405e-01
   3.3920799138125590e-01
   3.5051492442729776e-01
   3.6182185747333961e-01
   3.7312879051938153e-01
   3.8443572356542338e-01
   3.9574265661146518e-01
   4.0704958965750704e-01
   4.1835652270354895e-01
   4.2966345574959081e-01
   4.4097038879563266e-01
   4.5227732184167452e-01
   4.6358425488771643e-01
   4.7489118793375823e-01
   4.8619812097980003e-01
   4.9750505402584205e-01
   5.0881198707188380e-01
   5.2011892011792571e-01
   5.3142585316396751e-01
   5.4273278621000953e-01
   5.5403971925605144e-01
   5.6534665230209324e-01
   5.7665358534813504e-01
   5.8796051839417685e-01
   5.9926745144021876e-01
   6.1057438448626067e-01
   6.2188131753230247e-01
   6.3318825057834449e-01
   6.4449518362438618e-01
   6.5580211667042809e-01
   6.6710904971646989e-01
   6.7841598276251169e-01
   6.8972291580855360e-01
   7.0102984885459552e-01
   7.1233678190063743e-01
