   6.4000000000000000e+01   1.0000000000000000e+00
   0.0000000000000000e+00
   2.0014425335275740e-02
   4.0028850670551404e-02
   6.0043276005827068e-02
   8.0057701341102724e-02
   1.0007212667637846e-01
   1.2008655201165420e-01
   1.4010097734692989e-01
   1.6011540268220553e-01
   1.8012982801748120e-01
   2.0014425335275693e-01
   2.2015867868803268e-01
   2.4017310402330835e-01
   2.6018752935858397e-01
   2.8020195469385978e-01
   3.0021638002913542e-01
   3.2023080536441112e-01
   3.4024523069968682e-01
   3.6025965603496257e-01
   3.8027408137023821e-01
   4.0028850670551386e-01
   4.2030293204078961e-01
   4.4031735737606531e-01
   4.6033178271134101e-01
   4.8034620804661671e-01
   5.0036063338189229e-01
   5.2037505871716794e-01
   5.4038948405244380e-01
   5.6040390938771956e-01
   5.8041833472299531e-01
   6.0043276005827084e-01
   6.2044718539354649e-01
   6.2044718539354660e-01
   6.0043276005827095e-01
   5.8041833472299531e-01
   5.6040390938771956e-01
   5.4038948405244391e-01
   5.2037505871716816e-01
   5.0036063338189241e-01
   4.8034620804661671e-01
   4.6033178271134106e-01
   4.4031735737606531e-01
   4.2030293204078972e-01
   4.0028850670551402e-01
   3.8027408137023827e-01
   3.6025965603496263e-01
   3.4024523069968682e-01
   3.2023080536441123e-01
   3.0021638002913542e-01
   2.8020195469385978e-01
   2.6018752935858414e-01
   2.4017310402330835e-01
   2.2015867868803274e-01
   2.0014425335275693e-01
   1.8012982801748137e-01
   1.6011540268220567e-01
   1.4010097734692989e-01
   1.2008655201165429e-01
   1.0007212667637846e-01
   8.0057701341102808e-02
   6.0043276005827213e-02
   4.0028850670551404e-02
   2.0014425335275813e-02
   0.0000000000000000e+00
