   6.4000000000000000e+01   1.0000000000000000e+00
   0.0000000000000000e+00
   2.1954033529250554e-02
   4.3908067058500956e-02
   6.5862100587751271e-02
   8.7816134117001760e-02
   1.0977016764625225e-01
   1.3172420117550263e-01
   1.5367823470475311e-01
   1.7563226823400346e-01
   1.9758630176325392e-01
   2.1954033529250433e-01
   2.4149436882175479e-01
   2.6344840235100525e-01
   2.8540243588025571e-01
   3.0735646940950606e-01
   3.2931050293875647e-01
   3.5126453646800698e-01
   3.7321856999725744e-01
   3.9517260352650785e-01
   4.1712663705575820e-01
   4.3908067058500866e-01
   4.6103470411425906e-01
   4.8298873764350952e-01
   5.0494277117275999e-01
   5.2689680470201039e-01
   5.4885083823126080e-01
   5.7080487176051120e-01
   5.9275890528976161e-01
   6.1471293881901212e-01
   6.3666697234826264e-01
   6.5862100587751282e-01
   6.8057503940676334e-01
   6.8057503940676356e-01
   6.5862100587751304e-01
   6.3666697234826264e-01
   6.1471293881901223e-01
   5.9275890528976172e-01
   5.7080487176051142e-01
   5.4885083823126091e-01
   5.2689680470201039e-01
   5.0494277117276010e-01
   4.8298873764350952e-01
   4.6103470411425918e-01
   4.3908067058500883e-01
   4.1712663705575820e-01
   3.9517260352650802e-01
   3.7321856999725744e-01
   3.5126453646800704e-01
   3.2931050293875647e-01
   3.0735646940950617e-01
   2.8540243588025588e-01
   2.6344840235100525e-01
   2.4149436882175487e-01
   2.1954033529250433e-01
   1.9758630176325401e-01
   1.7563226823400366e-01
   1.5367823470475311e-01
   1.3172420117550279e-01
   1.0977016764625225e-01
   8.7816134117001829e-02
   6.5862100587751507e-02
   4.3908067058500956e-02
   2.1954033529250627e-02
   0.0000000000000000e+00
