   6.4000000000000000e+01   1.0000000000000000e+00
   0.0000000000000000e+00
   2.1303972221552957e-02
   4.2607944443105915e-02
   6.3911916664658799e-02
   8.5215888886211746e-02
   1.0651986110776471e-01
   1.2782383332931765e-01
   1.4912780555087063e-01
   1.7043177777242344e-01
   1.9173574999397638e-01
   2.1303972221552933e-01
   2.3434369443708231e-01
   2.5564766665863525e-01
   2.7695163888018820e-01
   2.9825561110174120e-01
   3.1955958332329404e-01
   3.4086355554484699e-01
   3.6216752776639999e-01
   3.8347149998795294e-01
   4.0477547220950588e-01
   4.2607944443105877e-01
   4.4738341665261178e-01
   4.6868738887416472e-01
   4.8999136109571761e-01
   5.1129533331727062e-01
   5.3259930553882340e-01
   5.5390327776037640e-01
   5.7520724998192940e-01
   5.9651122220348241e-01
   6.1781519442503530e-01
   6.3911916664658808e-01
   6.6042313886814108e-01
   6.6042313886814119e-01
   6.3911916664658830e-01
   6.1781519442503530e-01
   5.9651122220348252e-01
   5.7520724998192951e-01
   5.5390327776037651e-01
   5.3259930553882351e-01
   5.1129533331727062e-01
   4.8999136109571773e-01
   4.6868738887416472e-01
   4.4738341665261183e-01
   4.2607944443105900e-01
   4.0477547220950588e-01
   3.8347149998795310e-01
   3.6216752776639999e-01
   3.4086355554484715e-01
   3.1955958332329404e-01
   2.9825561110174120e-01
   2.7695163888018837e-01
   2.5564766665863525e-01
   2.3434369443708247e-01
   2.1303972221552933e-01
   1.9173574999397655e-01
   1.7043177777242366e-01
   1.4912780555087063e-01
   1.2782383332931774e-01
   1.0651986110776471e-01
   8.5215888886211830e-02
   6.3911916664658952e-02
   4.2607944443105915e-02
   2.1303972221553034e-02
   0.0000000000000000e+00
