   6.4000000000000000e+01   1.0000000000000000e+00
   0.0000000000000000e+00
   1.2522908441319891e-02
   2.5045816882639786e-02
   3.7568725323959676e-02
   5.0091633765279565e-02
   6.2614542206599455e-02
   7.5137450647919352e-02
   8.7660359089239248e-02
   1.0018326753055913e-01
   1.1270617597187903e-01
   1.2522908441319891e-01
   1.3775199285451881e-01
   1.5027490129583870e-01
   1.6279780973715860e-01
   1.7532071817847850e-01
   1.8784362661979834e-01
   2.0036653506111826e-01
   2.1288944350243816e-01
   2.2541235194375805e-01
   2.3793526038507795e-01
   2.5045816882639782e-01
   2.6298107726771774e-01
   2.7550398570903761e-01
   2.8802689415035754e-01
   3.0054980259167741e-01
   3.1307271103299733e-01
   3.2559561947431720e-01
   3.3811852791563701e-01
   3.5064143635695699e-01
   3.6316434479827686e-01
   3.7568725323959667e-01
   3.8821016168091665e-01
   4.0073307012223652e-01
   4.1325597856355645e-01
   4.2577888700487632e-01
   4.3830179544619613e-01
   4.5082470388751611e-01
   4.6334761232883598e-01
   4.7587052077015590e-01
   4.8839342921147577e-01
   5.0091633765279564e-01
   5.1343924609411551e-01
   5.2596215453543549e-01
   5.3848506297675536e-01
   5.5100797141807523e-01
   5.6353087985939510e-01
   5.7605378830071508e-01
   5.8857669674203483e-01
   6.0109960518335481e-01
   6.1362251362467468e-01
   6.2614542206599466e-01
   6.3866833050731453e-01
   6.5119123894863440e-01
   6.6371414738995438e-01
   6.7623705583127425e-01
   6.8875996427259412e-01
   7.0128287271391399e-01
   7.1380578115523374e-01
   7.2632868959655383e-01
   7.3885159803787370e-01
   7.5137450647919357e-01
   7.6389741492051344e-01
   7.7642032336183331e-01
   7.8894323180315329e-01
