   6.4000000000000000e+01   1.0000000000000000e+00
   0.0000000000000000e+00
   1.3133804671467453e-02
   2.6267609342934907e-02
   3.9401414014402364e-02
   5.2535218685869814e-02
   6.5669023357337264e-02
   7.8802828028804756e-02
   9.1936632700272261e-02
   1.0507043737173967e-01
   1.1820424204320716e-01
   1.3133804671467461e-01
   1.4447185138614210e-01
   1.5760565605760959e-01
   1.7073946072907700e-01
   1.8387326540054452e-01
   1.9700707007201196e-01
   2.1014087474347942e-01
   2.2327467941494689e-01
   2.3640848408641435e-01
   2.4954228875788181e-01
   2.6267609342934933e-01
   2.7580989810081674e-01
   2.8894370277228421e-01
   3.0207750744375167e-01
   3.1521131211521919e-01
   3.2834511678668660e-01
   3.4147892145815406e-01
   3.5461272612962152e-01
   3.6774653080108904e-01
   3.8088033547255651e-01
   3.9401414014402392e-01
   4.0714794481549138e-01
   4.0714794481549144e-01
   3.9401414014402397e-01
   3.8088033547255651e-01
   3.6774653080108910e-01
   3.5461272612962164e-01
   3.4147892145815406e-01
   3.2834511678668660e-01
   3.1521131211521919e-01
   3.0207750744375172e-01
   2.8894370277228421e-01
   2.7580989810081680e-01
   2.6267609342934939e-01
   2.4954228875788181e-01
   2.3640848408641441e-01
   2.2327467941494689e-01
   2.1014087474347948e-01
   1.9700707007201196e-01
   1.8387326540054455e-01
   1.7073946072907711e-01
   1.5760565605760959e-01
   1.4447185138614213e-01
   1.3133804671467461e-01
   1.1820424204320719e-01
   1.0507043737173977e-01
   9.1936632700272261e-02
   7.8802828028804839e-02
   6.5669023357337264e-02
   5.2535218685869883e-02
   3.9401414014402440e-02
   2.6267609342934907e-02
   1.3133804671467530e-02
   0.0000000000000000e+00
