   3.2000000000000000e+01   1.0000000000000000e+00
   0.0000000000000000e+00
   1.8104675164265015e-02
   3.6209350328530072e-02
   5.4314025492795126e-02
   7.2418700657060187e-02
   9.0523375821325233e-02
   1.0862805098559029e-01
   1.2673272614985534e-01
   1.4483740131412037e-01
   1.6294207647838541e-01
   1.8104675164265047e-01
   1.9915142680691553e-01
   2.1725610197118059e-01
   2.3536077713544565e-01
   2.5346545229971068e-01
   2.7157012746397569e-01
   2.7157012746397569e-01
   2.5346545229971063e-01
   2.3536077713544565e-01
   2.1725610197118053e-01
   1.9915142680691553e-01
   1.8104675164265047e-01
   1.6294207647838541e-01
   1.4483740131412035e-01
   1.2673272614985526e-01
   1.0862805098559029e-01
   9.0523375821325233e-02
   7.2418700657060187e-02
   5.4314025492795084e-02
   3.6209350328530031e-02
   1.8104675164265054e-02
   0.0000000000000000e+00
