   6.4000000000000000e+01   1.0000000000000000e+00
   0.0000000000000000e+00
   1.3746776988087824e-02
   2.7493553976175648e-02
   4.1240330964263397e-02
   5.4987107952351219e-02
   6.8733884940438972e-02
   8.2480661928526794e-02
   9.6227438916614630e-02
   1.0997421590470237e-01
   1.2372099289279016e-01
   1.3746776988087800e-01
   1.5121454686896577e-01
   1.6496132385705359e-01
   1.7870810084514138e-01
   1.9245487783322918e-01
   2.0620165482131694e-01
   2.1994843180940474e-01
   2.3369520879749256e-01
   2.4744198578558033e-01
   2.6118876277366815e-01
   2.7493553976175594e-01
   2.8868231674984368e-01
   3.0242909373793153e-01
   3.1617587072601938e-01
   3.2992264771410712e-01
   3.4366942470219491e-01
   3.5741620169028271e-01
   3.7116297867837050e-01
   3.8490975566645835e-01
   3.9865653265454609e-01
   4.1240330964263383e-01
   4.2615008663072168e-01
   4.2615008663072174e-01
   4.1240330964263389e-01
   3.9865653265454609e-01
   3.8490975566645835e-01
   3.7116297867837056e-01
   3.5741620169028276e-01
   3.4366942470219491e-01
   3.2992264771410712e-01
   3.1617587072601944e-01
   3.0242909373793153e-01
   2.8868231674984374e-01
   2.7493553976175605e-01
   2.6118876277366815e-01
   2.4744198578558044e-01
   2.3369520879749256e-01
   2.1994843180940479e-01
   2.0620165482131694e-01
   1.9245487783322920e-01
   1.7870810084514147e-01
   1.6496132385705359e-01
   1.5121454686896585e-01
   1.3746776988087800e-01
   1.2372099289279025e-01
   1.0997421590470248e-01
   9.6227438916614630e-02
   8.2480661928526863e-02
   6.8733884940438972e-02
   5.4987107952351295e-02
   4.1240330964263550e-02
   2.7493553976175648e-02
   1.3746776988087900e-02
   0.0000000000000000e+00
