   6.4000000000000000e+01   1.0000000000000000e+00
   1.3014211440470005e+00
   1.2807636655700640e+00
   1.2601061870931274e+00
   1.2394487086161912e+00
   1.2187912301392545e+00
   1.1981337516623181e+00
   1.1774762731853814e+00
   1.1568187947084450e+00
   1.1361613162315083e+00
   1.1155038377545718e+00
   1.0948463592776354e+00
   1.0741888808006990e+00
   1.0535314023237623e+00
   1.0328739238468259e+00
   1.0122164453698894e+00
   9.9155896689295286e-01
   9.7090148841601631e-01
   9.5024400993907965e-01
   9.2958653146214332e-01
   9.0892905298520665e-01
   8.8827157450827032e-01
   8.6761409603133366e-01
   8.4695661755439722e-01
   8.2629913907746066e-01
   8.0564166060052400e-01
   7.8498418212358767e-01
   7.6432670364665123e-01
   7.4366922516971468e-01
   7.2301174669277801e-01
   7.0235426821584168e-01
   6.8169678973890502e-01
   6.6103931126196858e-01
   6.4038183278503213e-01
   6.1972435430809558e-01
   5.9906687583115903e-01
   5.7840939735422259e-01
   5.5775191887728603e-01
   5.3709444040034959e-01
   5.1643696192341304e-01
   4.9577948344647643e-01
   4.7512200496953999e-01
   4.5446452649260333e-01
   4.3380704801566700e-01
   4.1314956953873050e-01
   3.9249209106179384e-01
   3.7183461258485750e-01
   3.5117713410792084e-01
   3.3051965563098434e-01
   3.0986217715404768e-01
   2.8920469867711135e-01
   2.6854722020017485e-01
   2.4788974172323816e-01
   2.2723226324630183e-01
   2.0657478476936517e-01
   1.8591730629242867e-01
   1.6525982781549234e-01
   1.4460234933855567e-01
   1.2394487086161916e-01
   1.0328739238468267e-01
   8.2629913907746169e-02
   6.1972435430809651e-02
   4.1314956953873154e-02
   2.0657478476936653e-02
   0.0000000000000000e+00
