   6.4000000000000000e+01   1.0000000000000000e+00
   0.0000000000000000e+00
   2.1303972221552944e-02
   4.2607944443105873e-02
   6.3911916664658813e-02
   8.5215888886211746e-02
   1.0651986110776469e-01
   1.2782383332931765e-01
   1.4912780555087060e-01
   1.7043177777242355e-01
   1.9173574999397647e-01
   2.1303972221552941e-01
   2.3434369443708239e-01
   2.5564766665863531e-01
   2.7695163888018820e-01
   2.9825561110174120e-01
   3.1955958332329409e-01
   3.4086355554484699e-01
   3.6216752776639999e-01
   3.8347149998795288e-01
   4.0477547220950583e-01
   4.2607944443105877e-01
   4.4738341665261178e-01
   4.6868738887416472e-01
   4.8999136109571761e-01
   5.1129533331727062e-01
   5.3259930553882340e-01
   5.5390327776037640e-01
   5.7520724998192940e-01
   5.9651122220348241e-01
   6.1781519442503530e-01
   6.3911916664658808e-01
   6.6042313886814108e-01
   6.8172711108969419e-01
   7.0303108331124708e-01
   7.2433505553280009e-01
   7.4563902775435298e-01
   7.6694299997590587e-01
   7.8824697219745887e-01
   8.0955094441901176e-01
   8.3085491664056477e-01
   8.5215888886211755e-01
   8.7346286108367066e-01
   8.9476683330522355e-01
   9.1607080552677644e-01
   9.3737477774832945e-01
   9.5867874996988234e-01
   9.7998272219143523e-01
   1.0012866944129881e+00
   1.0225906666345412e+00
   1.0438946388560941e+00
   1.0651986110776468e+00
   1.0865025832991999e+00
   1.1078065555207528e+00
   1.1291105277423061e+00
   1.1504144999638588e+00
   1.1717184721854119e+00
   1.1930224444069648e+00
   1.2143264166285177e+00
   1.2356303888500706e+00
   1.2569343610716237e+00
   1.2782383332931764e+00
   1.2995423055147295e+00
   1.3208462777362824e+00
   1.3421502499578353e+00
