   3.2000000000000000e+01   1.0000000000000000e+00
   0.0000000000000000e+00
   1.1913985183004391e-02
   2.3827970366008783e-02
   3.5741955549013188e-02
   4.7655940732017565e-02
   5.9569925915021964e-02
   7.1483911098026362e-02
   8.3397896281030739e-02
   9.5311881464035145e-02
   1.0722586664703954e-01
   1.1913985183004390e-01
   1.3105383701304835e-01
   1.4296782219605272e-01
   1.5488180737905707e-01
   1.6679579256206148e-01
   1.7870977774506586e-01
   1.7870977774506586e-01
   1.6679579256206145e-01
   1.5488180737905707e-01
   1.4296782219605267e-01
   1.3105383701304835e-01
   1.1913985183004390e-01
   1.0722586664703951e-01
   9.5311881464035131e-02
   8.3397896281030712e-02
   7.1483911098026362e-02
   5.9569925915021964e-02
   4.7655940732017565e-02
   3.5741955549013167e-02
   2.3827970366008762e-02
   1.1913985183004428e-02
   0.0000000000000000e+00
