   6.4000000000000000e+01   1.0000000000000000e+00
   8.2742969430245039e-01
   8.1429588963098287e-01
   8.0116208495951546e-01
   7.8802828028804794e-01
   7.7489447561658042e-01
   7.6176067094511302e-01
   7.4862686627364550e-01
   7.3549306160217820e-01
   7.2235925693071068e-01
   7.0922545225924327e-01
   6.9609164758777575e-01
   6.8295784291630812e-01
   6.6982403824484071e-01
   6.5669023357337319e-01
   6.4355642890190590e-01
   6.3042262423043838e-01
   6.1728881955897097e-01
   6.0415501488750345e-01
   5.9102121021603604e-01
   5.7788740554456852e-01
   5.6475360087310111e-01
   5.5161979620163359e-01
   5.3848599153016619e-01
   5.2535218685869867e-01
   5.1221838218723115e-01
   4.9908457751576374e-01
   4.8595077284429627e-01
   4.7281696817282876e-01
   4.5968316350136135e-01
   4.4654935882989388e-01
   4.3341555415842642e-01
   4.2028174948695896e-01
   4.0714794481549149e-01
   3.9401414014402397e-01
   3.8088033547255651e-01
   3.6774653080108910e-01
   3.5461272612962164e-01
   3.4147892145815417e-01
   3.2834511678668671e-01
   3.1521131211521919e-01
   3.0207750744375184e-01
   2.8894370277228426e-01
   2.7580989810081680e-01
   2.6267609342934944e-01
   2.4954228875788181e-01
   2.3640848408641446e-01
   2.2327467941494694e-01
   2.1014087474347948e-01
   1.9700707007201196e-01
   1.8387326540054458e-01
   1.7073946072907711e-01
   1.5760565605760959e-01
   1.4447185138614213e-01
   1.3133804671467469e-01
   1.1820424204320723e-01
   1.0507043737173977e-01
   9.1936632700272317e-02
   7.8802828028804880e-02
   6.5669023357337264e-02
   5.2535218685869960e-02
   3.9401414014402510e-02
   2.6267609342934907e-02
   1.3133804671467604e-02
   0.0000000000000000e+00
