   6.4000000000000000e+01   1.0000000000000000e+00
   1.5073966263131067e+00
   1.4834696957367079e+00
   1.4595427651603095e+00
   1.4356158345839110e+00
   1.4116889040075125e+00
   1.3877619734311142e+00
   1.3638350428547152e+00
   1.3399081122783167e+00
   1.3159811817019185e+00
   1.2920542511255197e+00
   1.2681273205491215e+00
   1.2442003899727230e+00
   1.2202734593963243e+00
   1.1963465288199258e+00
   1.1724195982435273e+00
   1.1484926676671290e+00
   1.1245657370907303e+00
   1.1006388065143318e+00
   1.0767118759379333e+00
   1.0527849453615348e+00
   1.0288580147851363e+00
   1.0049310842087378e+00
   9.8100415363233917e-01
   9.5707722305594056e-01
   9.3315029247954207e-01
   9.0922336190314368e-01
   8.8529643132674518e-01
   8.6136950075034679e-01
   8.3744257017394808e-01
   8.1351563959754947e-01
   7.8958870902115119e-01
   7.6566177844475258e-01
   7.4173484786835409e-01
   7.1780791729195548e-01
   6.9388098671555709e-01
   6.6995405613915859e-01
   6.4602712556275987e-01
   6.2210019498636149e-01
   5.9817326440996288e-01
   5.7424633383356449e-01
   5.5031940325716600e-01
   5.2639247268076739e-01
   5.0246554210436889e-01
   4.7853861152797045e-01
   4.5461168095157184e-01
   4.3068475037517340e-01
   4.0675781979877473e-01
   3.8283088922237629e-01
   3.5890395864597768e-01
   3.3497702806957919e-01
   3.1105009749318091e-01
   2.8712316691678214e-01
   2.6319623634038386e-01
   2.3926930576398506e-01
   2.1534237518758675e-01
   1.9141544461118828e-01
   1.6748851403478968e-01
   1.4356158345839107e-01
   1.1963465288199261e-01
   9.5707722305594142e-02
   7.1780791729195687e-02
   4.7853861152796925e-02
   2.3926930576398765e-02
   0.0000000000000000e+00
