   6.4000000000000000e+01   1.0000000000000000e+00
   1.2609087961223691e+00
   1.2408943707870932e+00
   1.2208799454518175e+00
   1.2008655201165419e+00
   1.1808510947812663e+00
   1.1608366694459906e+00
   1.1408222441107148e+00
   1.1208078187754391e+00
   1.1007933934401632e+00
   1.0807789681048876e+00
   1.0607645427696122e+00
   1.0407501174343363e+00
   1.0207356920990607e+00
   1.0007212667637848e+00
   9.8070684142850917e-01
   9.6069241609323353e-01
   9.4067799075795777e-01
   9.2066356542268213e-01
   9.0064914008740637e-01
   8.8063471475213073e-01
   8.6062028941685498e-01
   8.4060586408157922e-01
   8.2059143874630369e-01
   8.0057701341102794e-01
   7.8056258807575218e-01
   7.6054816274047654e-01
   7.4053373740520090e-01
   7.2051931206992514e-01
   7.0050488673464939e-01
   6.8049046139937364e-01
   6.6047603606409810e-01
   6.4046161072882235e-01
   6.2044718539354671e-01
   6.0043276005827106e-01
   5.8041833472299531e-01
   5.6040390938771967e-01
   5.4038948405244391e-01
   5.2037505871716816e-01
   5.0036063338189252e-01
   4.8034620804661682e-01
   4.6033178271134106e-01
   4.4031735737606537e-01
   4.2030293204078978e-01
   4.0028850670551419e-01
   3.8027408137023827e-01
   3.6025965603496274e-01
   3.4024523069968698e-01
   3.2023080536441123e-01
   3.0021638002913553e-01
   2.8020195469385989e-01
   2.6018752935858414e-01
   2.4017310402330841e-01
   2.2015867868803282e-01
   2.0014425335275693e-01
   1.8012982801748137e-01
   1.6011540268220575e-01
   1.4010097734693003e-01
   1.2008655201165429e-01
   1.0007212667637855e-01
   8.0057701341102960e-02
   6.0043276005827213e-02
   4.0028850670551480e-02
   2.0014425335275889e-02
   0.0000000000000000e+00
