   3.2000000000000000e+01   1.0000000000000000e+00
   3.6933354067313606e-01
   3.5741955549013171e-01
   3.4550557030712731e-01
   3.3359158512412290e-01
   3.2167759994111850e-01
   3.0976361475811415e-01
   2.9784962957510969e-01
   2.8593564439210534e-01
   2.7402165920910093e-01
   2.6210767402609658e-01
   2.5019368884309218e-01
   2.3827970366008780e-01
   2.2636571847708337e-01
   2.1445173329407902e-01
   2.0253774811107458e-01
   1.9062376292807026e-01
   1.7870977774506583e-01
   1.6679579256206142e-01
   1.5488180737905707e-01
   1.4296782219605264e-01
   1.3105383701304829e-01
   1.1913985183004387e-01
   1.0722586664703947e-01
   9.5311881464035089e-02
   8.3397896281030684e-02
   7.1483911098026334e-02
   5.9569925915021915e-02
   4.7655940732017524e-02
   3.5741955549013132e-02
   2.3827970366008703e-02
   1.1913985183004351e-02
   0.0000000000000000e+00
