   6.4000000000000000e+01   1.0000000000000000e+00
   0.0000000000000000e+00
   2.1954033529250433e-02
   4.3908067058500866e-02
   6.5862100587751285e-02
   8.7816134117001704e-02
   1.0977016764625215e-01
   1.3172420117550257e-01
   1.5367823470475303e-01
   1.7563226823400346e-01
   1.9758630176325387e-01
   2.1954033529250430e-01
   2.4149436882175476e-01
   2.6344840235100520e-01
   2.8540243588025560e-01
   3.0735646940950606e-01
   3.2931050293875641e-01
   3.5126453646800693e-01
   3.7321856999725739e-01
   3.9517260352650774e-01
   4.1712663705575814e-01
   4.3908067058500860e-01
   4.6103470411425906e-01
   4.8298873764350941e-01
   5.0494277117275999e-01
   5.2689680470201039e-01
   5.4885083823126068e-01
   5.7080487176051120e-01
   5.9275890528976161e-01
   6.1471293881901212e-01
   6.3666697234826253e-01
   6.5862100587751282e-01
   6.8057503940676334e-01
   7.0252907293601385e-01
   7.2448310646526415e-01
   7.4643713999451478e-01
   7.6839117352376496e-01
   7.9034520705301547e-01
   8.1229924058226599e-01
   8.3425327411151629e-01
   8.5620730764076669e-01
   8.7816134117001721e-01
   9.0011537469926761e-01
   9.2206940822851813e-01
   9.4402344175776842e-01
   9.6597747528701883e-01
   9.8793150881626934e-01
   1.0098855423455200e+00
   1.0318395758747703e+00
   1.0537936094040208e+00
   1.0757476429332711e+00
   1.0977016764625214e+00
   1.1196557099917719e+00
   1.1416097435210224e+00
   1.1635637770502729e+00
   1.1855178105795232e+00
   1.2074718441087737e+00
   1.2294258776380242e+00
   1.2513799111672743e+00
   1.2733339446965251e+00
   1.2952879782257753e+00
   1.3172420117550256e+00
   1.3391960452842764e+00
   1.3611500788135267e+00
   1.3831041123427772e+00
