   6.4000000000000000e+01   1.0000000000000000e+00
   9.0480158008185108e-01
   8.9043965023928207e-01
   8.7607772039671283e-01
   8.6171579055414393e-01
   8.4735386071157470e-01
   8.3299193086900580e-01
   8.1863000102643668e-01
   8.0426807118386756e-01
   7.8990614134129855e-01
   7.7554421149872943e-01
   7.6118228165616042e-01
   7.4682035181359130e-01
   7.3245842197102218e-01
   7.1809649212845317e-01
   7.0373456228588427e-01
   6.8937263244331515e-01
   6.7501070260074603e-01
   6.6064877275817702e-01
   6.4628684291560790e-01
   6.3192491307303889e-01
   6.1756298323046965e-01
   6.0320105338790075e-01
   5.8883912354533163e-01
   5.7447719370276262e-01
   5.6011526386019350e-01
   5.4575333401762449e-01
   5.3139140417505537e-01
   5.1702947433248636e-01
   5.0266754448991713e-01
   4.8830561464734817e-01
   4.7394368480477916e-01
   4.5958175496221010e-01
   4.4521982511964103e-01
   4.3085789527707197e-01
   4.1649596543450290e-01
   4.0213403559193389e-01
   3.8777210574936477e-01
   3.7341017590679570e-01
   3.5904824606422658e-01
   3.4468631622165757e-01
   3.3032438637908856e-01
   3.1596245653651944e-01
   3.0160052669395038e-01
   2.8723859685138142e-01
   2.7287666700881225e-01
   2.5851473716624318e-01
   2.4415280732367409e-01
   2.2979087748110505e-01
   2.1542894763853590e-01
   2.0106701779596695e-01
   1.8670508795339794e-01
   1.7234315811082881e-01
   1.5798122826825983e-01
   1.4361929842569071e-01
   1.2925736858312156e-01
   1.1489543874055258e-01
   1.0053350889798347e-01
   8.6171579055414491e-02
   7.1809649212845356e-02
   5.7447719370276366e-02
   4.3085789527707245e-02
   2.8723859685138110e-02
   1.4361929842569131e-02
   0.0000000000000000e+00
