   6.4000000000000000e+01   1.0000000000000000e+00
   0.0000000000000000e+00
   1.9374688226946532e-02
   3.8749376453892995e-02
   5.8124064680839457e-02
   7.7498752907785920e-02
   9.6873441134732438e-02
   1.1624812936167891e-01
   1.3562281758862543e-01
   1.5499750581557184e-01
   1.7437219404251836e-01
   1.9374688226946482e-01
   2.1312157049641134e-01
   2.3249625872335783e-01
   2.5187094695030426e-01
   2.7124563517725081e-01
   2.9062032340419719e-01
   3.0999501163114374e-01
   3.2936969985809017e-01
   3.4874438808503672e-01
   3.6811907631198321e-01
   3.8749376453892964e-01
   4.0686845276587619e-01
   4.2624314099282262e-01
   4.4561782921976917e-01
   4.6499251744671566e-01
   4.8436720567366204e-01
   5.0374189390060853e-01
   5.2311658212755507e-01
   5.4249127035450162e-01
   5.6186595858144806e-01
   5.8124064680839438e-01
   6.0061533503534092e-01
   6.0061533503534104e-01
   5.8124064680839449e-01
   5.6186595858144806e-01
   5.4249127035450162e-01
   5.2311658212755519e-01
   5.0374189390060864e-01
   4.8436720567366215e-01
   4.6499251744671566e-01
   4.4561782921976922e-01
   4.2624314099282262e-01
   4.0686845276587624e-01
   3.8749376453892975e-01
   3.6811907631198326e-01
   3.4874438808503688e-01
   3.2936969985809017e-01
   3.0999501163114385e-01
   2.9062032340419719e-01
   2.7124563517725081e-01
   2.5187094695030443e-01
   2.3249625872335783e-01
   2.1312157049641142e-01
   1.9374688226946482e-01
   1.7437219404251844e-01
   1.5499750581557198e-01
   1.3562281758862543e-01
   1.1624812936167898e-01
   9.6873441134732438e-02
   7.7498752907785989e-02
   5.8124064680839603e-02
   3.8749376453892995e-02
   1.9374688226946608e-02
   0.0000000000000000e+00
