   6.4000000000000000e+01   1.0000000000000000e+00
   1.1008721496230467e+00
   1.0833979885179190e+00
   1.0659238274127913e+00
   1.0484496663076637e+00
   1.0309755052025358e+00
   1.0135013440974081e+00
   9.9602718299228044e-01
   9.7855302188715254e-01
   9.6107886078202498e-01
   9.4360469967689720e-01
   9.2613053857176963e-01
   9.0865637746664185e-01
   8.9118221636151396e-01
   8.7370805525638628e-01
   8.5623389415125850e-01
   8.3875973304613083e-01
   8.2128557194100305e-01
   8.0381141083587548e-01
   7.8633724973074770e-01
   7.6886308862561992e-01
   7.5138892752049224e-01
   7.3391476641536457e-01
   7.1644060531023679e-01
   6.9896644420510901e-01
   6.8149228309998144e-01
   6.6401812199485366e-01
   6.4654396088972588e-01
   6.2906979978459809e-01
   6.1159563867947031e-01
   5.9412147757434264e-01
   5.7664731646921497e-01
   5.5917315536408718e-01
   5.4169899425895951e-01
   5.2422483315383173e-01
   5.0675067204870405e-01
   4.8927651094357638e-01
   4.7180234983844860e-01
   4.5432818873332093e-01
   4.3685402762819314e-01
   4.1937986652306536e-01
   4.0190570541793774e-01
   3.8443154431280996e-01
   3.6695738320768229e-01
   3.4948322210255467e-01
   3.3200906099742689e-01
   3.1453489989229905e-01
   2.9706073878717126e-01
   2.7958657768204359e-01
   2.6211241657691581e-01
   2.4463825547178819e-01
   2.2716409436666055e-01
   2.0968993326153260e-01
   1.9221577215640498e-01
   1.7474161105127717e-01
   1.5726744994614952e-01
   1.3979328884102188e-01
   1.2231912773589410e-01
   1.0484496663076645e-01
   8.7370805525638515e-02
   6.9896644420510870e-02
   5.2422483315383225e-02
   3.4948322210255435e-02
   1.7474161105127794e-02
   0.0000000000000000e+00
