   3.2000000000000000e+01   1.0000000000000000e+00
   0.0000000000000000e+00
   1.8104675164265050e-02
   3.6209350328530100e-02
   5.4314025492795147e-02
   7.2418700657060187e-02
   9.0523375821325261e-02
   1.0862805098559031e-01
   1.2673272614985537e-01
   1.4483740131412040e-01
   1.6294207647838543e-01
   1.8104675164265047e-01
   1.9915142680691553e-01
   2.1725610197118059e-01
   2.3536077713544565e-01
   2.5346545229971068e-01
   2.7157012746397569e-01
   2.8967480262824075e-01
   3.0777947779250581e-01
   3.2588415295677087e-01
   3.4398882812103598e-01
   3.6209350328530093e-01
   3.8019817844956605e-01
   3.9830285361383111e-01
   4.1640752877809617e-01
   4.3451220394236123e-01
   4.5261687910662624e-01
   4.7072155427089130e-01
   4.8882622943515636e-01
   5.0693090459942136e-01
   5.2503557976368642e-01
   5.4314025492795137e-01
   5.6124493009221654e-01
