   6.4000000000000000e+01   1.0000000000000000e+00
   0.0000000000000000e+00
   1.7474161105127718e-02
   3.4948322210255435e-02
   5.2422483315383080e-02
   6.9896644420510870e-02
   8.7370805525638584e-02
   1.0484496663076630e-01
   1.2231912773589410e-01
   1.3979328884102174e-01
   1.5726744994614947e-01
   1.7474161105127725e-01
   1.9221577215640498e-01
   2.0968993326153268e-01
   2.2716409436666041e-01
   2.4463825547178814e-01
   2.6211241657691581e-01
   2.7958657768204359e-01
   2.9706073878717126e-01
   3.1453489989229899e-01
   3.3200906099742677e-01
   3.4948322210255450e-01
   3.6695738320768223e-01
   3.8443154431280996e-01
   4.0190570541793774e-01
   4.1937986652306541e-01
   4.3685402762819309e-01
   4.5432818873332081e-01
   4.7180234983844860e-01
   4.8927651094357627e-01
   5.0675067204870405e-01
   5.2422483315383162e-01
   5.4169899425895940e-01
   5.4169899425895951e-01
   5.2422483315383184e-01
   5.0675067204870405e-01
   4.8927651094357638e-01
   4.7180234983844871e-01
   4.5432818873332093e-01
   4.3685402762819314e-01
   4.1937986652306541e-01
   4.0190570541793774e-01
   3.8443154431280996e-01
   3.6695738320768229e-01
   3.4948322210255467e-01
   3.3200906099742683e-01
   3.1453489989229910e-01
   2.9706073878717126e-01
   2.7958657768204365e-01
   2.6211241657691581e-01
   2.4463825547178819e-01
   2.2716409436666052e-01
   2.0968993326153268e-01
   1.9221577215640503e-01
   1.7474161105127725e-01
   1.5726744994614952e-01
   1.3979328884102188e-01
   1.2231912773589410e-01
   1.0484496663076638e-01
   8.7370805525638584e-02
   6.9896644420510939e-02
   5.2422483315383225e-02
   3.4948322210255435e-02
   1.7474161105127794e-02
   0.0000000000000000e+00
