   6.4000000000000000e+01   1.0000000000000000e+00
   0.0000000000000000e+00
   1.6846486678593311e-02
   3.3692973357186545e-02
   5.0539460035779783e-02
   6.7385946714373091e-02
   8.4232433392966419e-02
   1.0107892007155972e-01
   1.1792540675015303e-01
   1.3477189342874626e-01
   1.5161838010733958e-01
   1.6846486678593289e-01
   1.8531135346452621e-01
   2.0215784014311947e-01
   2.1900432682171275e-01
   2.3585081350030607e-01
   2.5269730017889930e-01
   2.6954378685749258e-01
   2.8639027353608593e-01
   3.0323676021467921e-01
   3.2008324689327250e-01
   3.3692973357186579e-01
   3.5377622025045913e-01
   3.7062270692905241e-01
   3.8746919360764565e-01
   4.0431568028623893e-01
   4.2116216696483222e-01
   4.3800865364342551e-01
   4.5485514032201879e-01
   4.7170162700061213e-01
   4.8854811367920548e-01
   5.0539460035779871e-01
   5.2224108703639194e-01
   5.2224108703639205e-01
   5.0539460035779882e-01
   4.8854811367920548e-01
   4.7170162700061224e-01
   4.5485514032201890e-01
   4.3800865364342562e-01
   4.2116216696483227e-01
   4.0431568028623893e-01
   3.8746919360764576e-01
   3.7062270692905241e-01
   3.5377622025045913e-01
   3.3692973357186595e-01
   3.2008324689327255e-01
   3.0323676021467932e-01
   2.8639027353608593e-01
   2.6954378685749270e-01
   2.5269730017889930e-01
   2.3585081350030607e-01
   2.1900432682171286e-01
   2.0215784014311947e-01
   1.8531135346452626e-01
   1.6846486678593289e-01
   1.5161838010733966e-01
   1.3477189342874643e-01
   1.1792540675015303e-01
   1.0107892007155980e-01
   8.4232433392966419e-02
   6.7385946714373174e-02
   5.0539460035779936e-02
   3.3692973357186545e-02
   1.6846486678593387e-02
   0.0000000000000000e+00
