   6.4000000000000000e+01   1.0000000000000000e+00
   0.0000000000000000e+00
   2.0014425335275695e-02
   4.0028850670551383e-02
   6.0043276005827088e-02
   8.0057701341102766e-02
   1.0007212667637846e-01
   1.2008655201165419e-01
   1.4010097734692989e-01
   1.6011540268220556e-01
   1.8012982801748126e-01
   2.0014425335275693e-01
   2.2015867868803266e-01
   2.4017310402330838e-01
   2.6018752935858402e-01
   2.8020195469385978e-01
   3.0021638002913542e-01
   3.2023080536441112e-01
   3.4024523069968682e-01
   3.6025965603496252e-01
   3.8027408137023821e-01
   4.0028850670551386e-01
   4.2030293204078961e-01
   4.4031735737606531e-01
   4.6033178271134101e-01
   4.8034620804661676e-01
   5.0036063338189229e-01
   5.2037505871716805e-01
   5.4038948405244380e-01
   5.6040390938771956e-01
   5.8041833472299531e-01
   6.0043276005827084e-01
   6.2044718539354649e-01
   6.4046161072882224e-01
   6.6047603606409799e-01
   6.8049046139937375e-01
   7.0050488673464939e-01
   7.2051931206992514e-01
   7.4053373740520090e-01
   7.6054816274047643e-01
   7.8056258807575218e-01
   8.0057701341102794e-01
   8.2059143874630369e-01
   8.4060586408157922e-01
   8.6062028941685487e-01
   8.8063471475213073e-01
   9.0064914008740626e-01
   9.2066356542268202e-01
   9.4067799075795777e-01
   9.6069241609323353e-01
   9.8070684142850917e-01
   1.0007212667637848e+00
   1.0207356920990607e+00
   1.0407501174343361e+00
   1.0607645427696122e+00
   1.0807789681048876e+00
   1.1007933934401632e+00
   1.1208078187754391e+00
   1.1408222441107148e+00
   1.1608366694459906e+00
   1.1808510947812660e+00
   1.2008655201165419e+00
   1.2208799454518175e+00
   1.2408943707870930e+00
   1.2609087961223691e+00
