   3.2000000000000000e+01   1.0000000000000000e+00
   0.0000000000000000e+00
   1.1913985183004393e-02
   2.3827970366008783e-02
   3.5741955549013167e-02
   4.7655940732017565e-02
   5.9569925915021950e-02
   7.1483911098026348e-02
   8.3397896281030739e-02
   9.5311881464035145e-02
   1.0722586664703954e-01
   1.1913985183004391e-01
   1.3105383701304832e-01
   1.4296782219605272e-01
   1.5488180737905707e-01
   1.6679579256206148e-01
   1.7870977774506586e-01
   1.9062376292807029e-01
   2.0253774811107467e-01
   2.1445173329407902e-01
   2.2636571847708345e-01
   2.3827970366008780e-01
   2.5019368884309223e-01
   2.6210767402609664e-01
   2.7402165920910099e-01
   2.8593564439210539e-01
   2.9784962957510974e-01
   3.0976361475811415e-01
   3.2167759994111855e-01
   3.3359158512412296e-01
   3.4550557030712736e-01
   3.5741955549013171e-01
   3.6933354067313606e-01
