   6.4000000000000000e+01   1.0000000000000000e+00
   1.5493327539709969e+00
   1.5247401705746317e+00
   1.5001475871782664e+00
   1.4755550037819014e+00
   1.4509624203855365e+00
   1.4263698369891713e+00
   1.4017772535928064e+00
   1.3771846701964414e+00
   1.3525920868000763e+00
   1.3279995034037113e+00
   1.3034069200073464e+00
   1.2788143366109814e+00
   1.2542217532146163e+00
   1.2296291698182513e+00
   1.2050365864218864e+00
   1.1804440030255214e+00
   1.1558514196291563e+00
   1.1312588362327911e+00
   1.1066662528364262e+00
   1.0820736694400612e+00
   1.0574810860436961e+00
   1.0328885026473311e+00
   1.0082959192509660e+00
   9.8370333585460090e-01
   9.5911075245823596e-01
   9.3451816906187091e-01
   9.0992558566550585e-01
   8.8533300226914091e-01
   8.6074041887277586e-01
   8.3614783547641092e-01
   8.1155525208004586e-01
   7.8696266868368092e-01
   7.6237008528731587e-01
   7.3777750189095070e-01
   7.1318491849458565e-01
   6.8859233509822082e-01
   6.6399975170185566e-01
   6.3940716830549071e-01
   6.1481458490912566e-01
   5.9022200151276072e-01
   5.6562941811639567e-01
   5.4103683472003050e-01
   5.1644425132366567e-01
   4.9185166792730056e-01
   4.6725908453093545e-01
   4.4266650113457062e-01
   4.1807391773820546e-01
   3.9348133434184046e-01
   3.6888875094547530e-01
   3.4429616754911041e-01
   3.1970358415274541e-01
   2.9511100075638025e-01
   2.7051841736001542e-01
   2.4592583396365023e-01
   2.2133325056728523e-01
   1.9674066717092037e-01
   1.7214808377455507e-01
   1.4755550037819035e-01
   1.2296291698182503e-01
   9.8370333585460032e-02
   7.3777750189095326e-02
   4.9185166792730016e-02
   2.4592583396365008e-02
   0.0000000000000000e+00
