   6.4000000000000000e+01   1.0000000000000000e+00
   1.5915361356447770e+00
   1.5662736573012093e+00
   1.5410111789576413e+00
   1.5157487006140733e+00
   1.4904862222705055e+00
   1.4652237439269378e+00
   1.4399612655833698e+00
   1.4146987872398020e+00
   1.3894363088962338e+00
   1.3641738305526661e+00
   1.3389113522090981e+00
   1.3136488738655305e+00
   1.2883863955219625e+00
   1.2631239171783946e+00
   1.2378614388348266e+00
   1.2125989604912588e+00
   1.1873364821476908e+00
   1.1620740038041228e+00
   1.1368115254605553e+00
   1.1115490471169871e+00
   1.0862865687734193e+00
   1.0610240904298516e+00
   1.0357616120862834e+00
   1.0104991337427154e+00
   9.8523665539914773e-01
   9.5997417705557986e-01
   9.3471169871201198e-01
   9.0944922036844411e-01
   8.8418674202487624e-01
   8.5892426368130825e-01
   8.3366178533774060e-01
   8.0839930699417262e-01
   7.8313682865060463e-01
   7.5787435030703676e-01
   7.3261187196346889e-01
   7.0734939361990112e-01
   6.8208691527633314e-01
   6.5682443693276538e-01
   6.3156195858919739e-01
   6.0629948024562952e-01
   5.8103700190206164e-01
   5.5577452355849377e-01
   5.3051204521492590e-01
   5.0524956687135802e-01
   4.7998708852779010e-01
   4.5472461018422228e-01
   4.2946213184065429e-01
   4.0419965349708648e-01
   3.7893717515351844e-01
   3.5367469680995067e-01
   3.2841221846638285e-01
   3.0314974012281481e-01
   2.7788726177924705e-01
   2.5262478343567901e-01
   2.2736230509211106e-01
   2.0209982674854354e-01
   1.7683734840497539e-01
   1.5157487006140757e-01
   1.2631239171783942e-01
   1.0104991337427191e-01
   7.5787435030704078e-02
   5.0524956687135955e-02
   2.5262478343568127e-02
   0.0000000000000000e+00
