   6.4000000000000000e+01   1.0000000000000000e+00
   0.0000000000000000e+00
   2.4592583396365157e-02
   4.9185166792730162e-02
   7.3777750189095034e-02
   9.8370333585460185e-02
   1.2296291698182520e-01
   1.4755550037819021e-01
   1.7214808377455529e-01
   1.9674066717092023e-01
   2.2133325056728523e-01
   2.4592583396365028e-01
   2.7051841736001536e-01
   2.9511100075638041e-01
   3.1970358415274536e-01
   3.4429616754911041e-01
   3.6888875094547541e-01
   3.9348133434184046e-01
   4.1807391773820551e-01
   4.4266650113457046e-01
   4.6725908453093551e-01
   4.9185166792730045e-01
   5.1644425132366556e-01
   5.4103683472003072e-01
   5.6562941811639567e-01
   5.9022200151276072e-01
   6.1481458490912566e-01
   6.3940716830549071e-01
   6.6399975170185566e-01
   6.8859233509822082e-01
   7.1318491849458576e-01
   7.3777750189095070e-01
   7.6237008528731587e-01
   7.6237008528731587e-01
   7.3777750189095082e-01
   7.1318491849458576e-01
   6.8859233509822082e-01
   6.6399975170185577e-01
   6.3940716830549083e-01
   6.1481458490912566e-01
   5.9022200151276072e-01
   5.6562941811639578e-01
   5.4103683472003072e-01
   5.1644425132366567e-01
   4.9185166792730078e-01
   4.6725908453093562e-01
   4.4266650113457062e-01
   4.1807391773820551e-01
   3.9348133434184052e-01
   3.6888875094547541e-01
   3.4429616754911041e-01
   3.1970358415274552e-01
   2.9511100075638041e-01
   2.7051841736001542e-01
   2.4592583396365028e-01
   2.2133325056728537e-01
   1.9674066717092037e-01
   1.7214808377455529e-01
   1.4755550037819029e-01
   1.2296291698182520e-01
   9.8370333585460185e-02
   7.3777750189095326e-02
   4.9185166792730162e-02
   2.4592583396365157e-02
   0.0000000000000000e+00
