   3.2000000000000000e+01   1.0000000000000000e+00
   0.0000000000000000e+00
   2.5936759124014601e-02
   5.1873518248029202e-02
   7.7810277372043768e-02
   1.0374703649605832e-01
   1.2968379562007293e-01
   1.5562055474408754e-01
   1.8155731386810212e-01
   2.0749407299211670e-01
   2.3343083211613125e-01
   2.5936759124014586e-01
   2.8530435036416046e-01
   3.1124110948817507e-01
   3.3717786861218957e-01
   3.6311462773620423e-01
   3.8905138686021873e-01
   3.8905138686021873e-01
   3.6311462773620412e-01
   3.3717786861218957e-01
   3.1124110948817502e-01
   2.8530435036416046e-01
   2.5936759124014586e-01
   2.3343083211613125e-01
   2.0749407299211661e-01
   1.8155731386810203e-01
   1.5562055474408754e-01
   1.2968379562007293e-01
   1.0374703649605832e-01
   7.7810277372043726e-02
   5.1873518248029132e-02
   2.5936759124014601e-02
   0.0000000000000000e+00
