   6.4000000000000000e+01   1.0000000000000000e+00
   0.0000000000000000e+00
   2.5262478343567891e-02
   5.0524956687135782e-02
   7.5787435030703676e-02
   1.0104991337427154e-01
   1.2631239171783942e-01
   1.5157487006140735e-01
   1.7683734840497520e-01
   2.0209982674854307e-01
   2.2736230509211094e-01
   2.5262478343567885e-01
   2.7788726177924677e-01
   3.0314974012281465e-01
   3.2841221846638252e-01
   3.5367469680995040e-01
   3.7893717515351832e-01
   4.0419965349708625e-01
   4.2946213184065413e-01
   4.5472461018422200e-01
   4.7998708852778987e-01
   5.0524956687135769e-01
   5.3051204521492556e-01
   5.5577452355849355e-01
   5.8103700190206142e-01
   6.0629948024562941e-01
   6.3156195858919717e-01
   6.5682443693276504e-01
   6.8208691527633303e-01
   7.0734939361990079e-01
   7.3261187196346889e-01
   7.5787435030703654e-01
   7.8313682865060441e-01
   8.0839930699417251e-01
   8.3366178533774038e-01
   8.5892426368130825e-01
   8.8418674202487590e-01
   9.0944922036844400e-01
   9.3471169871201176e-01
   9.5997417705557975e-01
   9.8523665539914751e-01
   1.0104991337427154e+00
   1.0357616120862834e+00
   1.0610240904298511e+00
   1.0862865687734191e+00
   1.1115490471169871e+00
   1.1368115254605549e+00
   1.1620740038041228e+00
   1.1873364821476906e+00
   1.2125989604912586e+00
   1.2378614388348264e+00
   1.2631239171783943e+00
   1.2883863955219623e+00
   1.3136488738655301e+00
   1.3389113522090981e+00
   1.3641738305526661e+00
   1.3894363088962336e+00
   1.4146987872398016e+00
   1.4399612655833696e+00
   1.4652237439269378e+00
   1.4904862222705053e+00
   1.5157487006140731e+00
   1.5410111789576411e+00
   1.5662736573012088e+00
   1.5915361356447770e+00
