   6.4000000000000000e+01   1.0000000000000000e+00
   0.0000000000000000e+00
   6.5060167701039666e-03
   1.3012033540207933e-02
   1.9518050310311862e-02
   2.6024067080415828e-02
   3.2530083850519788e-02
   3.9036100620623772e-02
   4.5542117390727749e-02
   5.2048134160831670e-02
   5.8554150930935640e-02
   6.5060167701039603e-02
   7.1566184471143574e-02
   7.8072201241247544e-02
   8.4578218011351486e-02
   9.1084234781455456e-02
   9.7590251551559412e-02
   1.0409626832166338e-01
   1.1060228509176734e-01
   1.1710830186187129e-01
   1.2361431863197526e-01
   1.3012033540207921e-01
   1.3662635217218316e-01
   1.4313236894228715e-01
   1.4963838571239110e-01
   1.5614440248249509e-01
   1.6265041925259899e-01
   1.6915643602270297e-01
   1.7566245279280693e-01
   1.8216846956291091e-01
   1.8867448633301484e-01
   1.9518050310311882e-01
   2.0168651987322281e-01
   2.0168651987322281e-01
   1.9518050310311882e-01
   1.8867448633301484e-01
   1.8216846956291094e-01
   1.7566245279280698e-01
   1.6915643602270300e-01
   1.6265041925259902e-01
   1.5614440248249509e-01
   1.4963838571239116e-01
   1.4313236894228715e-01
   1.3662635217218319e-01
   1.3012033540207926e-01
   1.2361431863197526e-01
   1.1710830186187134e-01
   1.1060228509176734e-01
   1.0409626832166341e-01
   9.7590251551559412e-02
   9.1084234781455470e-02
   8.4578218011351541e-02
   7.8072201241247544e-02
   7.1566184471143601e-02
   6.5060167701039603e-02
   5.8554150930935675e-02
   5.2048134160831733e-02
   4.5542117390727749e-02
   3.9036100620623793e-02
   3.2530083850519788e-02
   2.6024067080415866e-02
   1.9518050310311934e-02
   1.3012033540207933e-02
   6.5060167701040039e-03
   0.0000000000000000e+00
