   6.4000000000000000e+01   1.0000000000000000e+00
   4.0987905651654943e-01
   4.0337303974644562e-01
   3.9686702297634163e-01
   3.9036100620623765e-01
   3.8385498943613372e-01
   3.7734897266602968e-01
   3.7084295589592575e-01
   3.6433693912582182e-01
   3.5783092235571784e-01
   3.5132490558561386e-01
   3.4481888881550987e-01
   3.3831287204540594e-01
   3.3180685527530196e-01
   3.2530083850519798e-01
   3.1879482173509405e-01
   3.1228880496499012e-01
   3.0578278819488613e-01
   2.9927677142478221e-01
   2.9277075465467822e-01
   2.8626473788457429e-01
   2.7975872111447031e-01
   2.7325270434436633e-01
   2.6674668757426240e-01
   2.6024067080415841e-01
   2.5373465403405443e-01
   2.4722863726395047e-01
   2.4072262049384657e-01
   2.3421660372374259e-01
   2.2771058695363863e-01
   2.2120457018353465e-01
   2.1469855341343069e-01
   2.0819253664332674e-01
   2.0168651987322275e-01
   1.9518050310311880e-01
   1.8867448633301481e-01
   1.8216846956291091e-01
   1.7566245279280693e-01
   1.6915643602270297e-01
   1.6265041925259899e-01
   1.5614440248249503e-01
   1.4963838571239110e-01
   1.4313236894228709e-01
   1.3662635217218316e-01
   1.3012033540207923e-01
   1.2361431863197524e-01
   1.1710830186187131e-01
   1.1060228509176731e-01
   1.0409626832166338e-01
   9.7590251551559370e-02
   9.1084234781455456e-02
   8.4578218011351486e-02
   7.8072201241247516e-02
   7.1566184471143546e-02
   6.5060167701039576e-02
   5.8554150930935620e-02
   5.2048134160831733e-02
   4.5542117390727686e-02
   3.9036100620623793e-02
   3.2530083850519760e-02
   2.6024067080415866e-02
   1.9518050310311896e-02
   1.3012033540207933e-02
   6.5060167701039666e-03
   0.0000000000000000e+00
