   6.4000000000000000e+01   1.0000000000000000e+00
   0.0000000000000000e+00
   5.9113961841840684e-03
   1.1822792368368137e-02
   1.7734188552552169e-02
   2.3645584736736218e-02
   2.9556980920920285e-02
   3.5468377105104337e-02
   4.1379773289288400e-02
   4.7291169473472436e-02
   5.3202565657656485e-02
   5.9113961841840555e-02
   6.5025358026024618e-02
   7.0936754210208675e-02
   7.6848150394392717e-02
   8.2759546578576773e-02
   8.8670942762760815e-02
   9.4582338946944886e-02
   1.0049373513112894e-01
   1.0640513131531298e-01
   1.1231652749949704e-01
   1.1822792368368111e-01
   1.2413931986786515e-01
   1.3005071605204921e-01
   1.3596211223623328e-01
   1.4187350842041735e-01
   1.4778490460460139e-01
   1.5369630078878543e-01
   1.5960769697296950e-01
   1.6551909315715355e-01
   1.7143048934133762e-01
   1.7734188552552163e-01
   1.8325328170970573e-01
   1.8325328170970573e-01
   1.7734188552552169e-01
   1.7143048934133762e-01
   1.6551909315715357e-01
   1.5960769697296953e-01
   1.5369630078878546e-01
   1.4778490460460139e-01
   1.4187350842041735e-01
   1.3596211223623333e-01
   1.3005071605204921e-01
   1.2413931986786518e-01
   1.1822792368368114e-01
   1.1231652749949707e-01
   1.0640513131531303e-01
   1.0049373513112894e-01
   9.4582338946944913e-02
   8.8670942762760815e-02
   8.2759546578576787e-02
   7.6848150394392759e-02
   7.0936754210208675e-02
   6.5025358026024646e-02
   5.9113961841840555e-02
   5.3202565657656520e-02
   4.7291169473472491e-02
   4.1379773289288400e-02
   3.5468377105104372e-02
   2.9556980920920285e-02
   2.3645584736736256e-02
   1.7734188552552207e-02
   1.1822792368368137e-02
   5.9113961841841065e-03
   0.0000000000000000e+00
