   6.4000000000000000e+01   1.0000000000000000e+00
   0.0000000000000000e+00
   6.5060167701039614e-03
   1.3012033540207923e-02
   1.9518050310311886e-02
   2.6024067080415842e-02
   3.2530083850519802e-02
   3.9036100620623772e-02
   4.5542117390727728e-02
   5.2048134160831684e-02
   5.8554150930935647e-02
   6.5060167701039603e-02
   7.1566184471143574e-02
   7.8072201241247544e-02
   8.4578218011351500e-02
   9.1084234781455470e-02
   9.7590251551559412e-02
   1.0409626832166338e-01
   1.1060228509176734e-01
   1.1710830186187129e-01
   1.2361431863197526e-01
   1.3012033540207921e-01
   1.3662635217218316e-01
   1.4313236894228715e-01
   1.4963838571239110e-01
   1.5614440248249509e-01
   1.6265041925259902e-01
   1.6915643602270297e-01
   1.7566245279280693e-01
   1.8216846956291091e-01
   1.8867448633301484e-01
   1.9518050310311882e-01
   2.0168651987322281e-01
   2.0819253664332676e-01
   2.1469855341343072e-01
   2.2120457018353468e-01
   2.2771058695363863e-01
   2.3421660372374259e-01
   2.4072262049384657e-01
   2.4722863726395053e-01
   2.5373465403405449e-01
   2.6024067080415841e-01
   2.6674668757426245e-01
   2.7325270434436633e-01
   2.7975872111447031e-01
   2.8626473788457429e-01
   2.9277075465467817e-01
   2.9927677142478221e-01
   3.0578278819488613e-01
   3.1228880496499017e-01
   3.1879482173509405e-01
   3.2530083850519803e-01
   3.3180685527530202e-01
   3.3831287204540594e-01
   3.4481888881550987e-01
   3.5132490558561386e-01
   3.5783092235571773e-01
   3.6433693912582182e-01
   3.7084295589592570e-01
   3.7734897266602968e-01
   3.8385498943613361e-01
   3.9036100620623759e-01
   3.9686702297634158e-01
   4.0337303974644551e-01
   4.0987905651654943e-01
