   6.4000000000000000e+01   1.0000000000000000e+00
   0.0000000000000000e+00
   5.9113961841840545e-03
   1.1822792368368109e-02
   1.7734188552552162e-02
   2.3645584736736218e-02
   2.9556980920920278e-02
   3.5468377105104337e-02
   4.1379773289288387e-02
   4.7291169473472443e-02
   5.3202565657656492e-02
   5.9113961841840541e-02
   6.5025358026024604e-02
   7.0936754210208675e-02
   7.6848150394392717e-02
   8.2759546578576773e-02
   8.8670942762760815e-02
   9.4582338946944872e-02
   1.0049373513112894e-01
   1.0640513131531298e-01
   1.1231652749949704e-01
   1.1822792368368108e-01
   1.2413931986786515e-01
   1.3005071605204921e-01
   1.3596211223623328e-01
   1.4187350842041732e-01
   1.4778490460460136e-01
   1.5369630078878543e-01
   1.5960769697296950e-01
   1.6551909315715355e-01
   1.7143048934133762e-01
   1.7734188552552163e-01
   1.8325328170970573e-01
   1.8916467789388974e-01
   1.9507607407807381e-01
   2.0098747026225788e-01
   2.0689886644644193e-01
   2.1281026263062597e-01
   2.1872165881481007e-01
   2.2463305499899408e-01
   2.3054445118317815e-01
   2.3645584736736217e-01
   2.4236724355154629e-01
   2.4827863973573031e-01
   2.5419003591991435e-01
   2.6010143210409842e-01
   2.6601282828828243e-01
   2.7192422447246656e-01
   2.7783562065665057e-01
   2.8374701684083464e-01
   2.8965841302501866e-01
   2.9556980920920273e-01
   3.0148120539338680e-01
   3.0739260157757087e-01
   3.1330399776175488e-01
   3.1921539394593895e-01
   3.2512679013012297e-01
   3.3103818631430709e-01
   3.3694958249849116e-01
   3.4286097868267518e-01
   3.4877237486685925e-01
   3.5468377105104321e-01
   3.6059516723522739e-01
   3.6650656341941135e-01
   3.7241795960359542e-01
