   6.4000000000000000e+01   1.0000000000000000e+00
   3.7241795960359542e-01
   3.6650656341941146e-01
   3.6059516723522739e-01
   3.5468377105104326e-01
   3.4877237486685925e-01
   3.4286097868267518e-01
   3.3694958249849116e-01
   3.3103818631430709e-01
   3.2512679013012302e-01
   3.1921539394593895e-01
   3.1330399776175488e-01
   3.0739260157757087e-01
   3.0148120539338680e-01
   2.9556980920920278e-01
   2.8965841302501866e-01
   2.8374701684083459e-01
   2.7783562065665057e-01
   2.7192422447246656e-01
   2.6601282828828249e-01
   2.6010143210409842e-01
   2.5419003591991435e-01
   2.4827863973573025e-01
   2.4236724355154626e-01
   2.3645584736736217e-01
   2.3054445118317815e-01
   2.2463305499899408e-01
   2.1872165881481001e-01
   2.1281026263062594e-01
   2.0689886644644193e-01
   2.0098747026225783e-01
   1.9507607407807381e-01
   1.8916467789388974e-01
   1.8325328170970573e-01
   1.7734188552552163e-01
   1.7143048934133759e-01
   1.6551909315715355e-01
   1.5960769697296948e-01
   1.5369630078878541e-01
   1.4778490460460139e-01
   1.4187350842041729e-01
   1.3596211223623328e-01
   1.3005071605204915e-01
   1.2413931986786512e-01
   1.1822792368368111e-01
   1.1231652749949704e-01
   1.0640513131531301e-01
   1.0049373513112890e-01
   9.4582338946944872e-02
   8.8670942762760802e-02
   8.2759546578576773e-02
   7.6848150394392745e-02
   7.0936754210208633e-02
   6.5025358026024604e-02
   5.9113961841840534e-02
   5.3202565657656506e-02
   4.7291169473472471e-02
   4.1379773289288366e-02
   3.5468377105104337e-02
   2.9556980920920267e-02
   2.3645584736736197e-02
   1.7734188552552207e-02
   1.1822792368368062e-02
   5.9113961841840684e-03
   0.0000000000000000e+00
