   6.4000000000000000e+01   1.0000000000000000e+00
   0.0000000000000000e+00
   7.6983519122733593e-03
   1.5396703824546719e-02
   2.3095055736820046e-02
   3.0793407649093364e-02
   3.8491759561366724e-02
   4.6190111473640091e-02
   5.3888463385913445e-02
   6.1586815298186728e-02
   6.9285167210460089e-02
   7.6983519122733449e-02
   8.4681871035006795e-02
   9.2380222947280155e-02
   1.0007857485955347e-01
   1.0777692677182683e-01
   1.1547527868410017e-01
   1.2317363059637351e-01
   1.3087198250864687e-01
   1.3857033442092020e-01
   1.4626868633319356e-01
   1.5396703824546687e-01
   1.6166539015774026e-01
   1.6936374207001359e-01
   1.7706209398228695e-01
   1.8476044589456031e-01
   1.9245879780683359e-01
   2.0015714971910695e-01
   2.0785550163138033e-01
   2.1555385354365367e-01
   2.2325220545592703e-01
   2.3095055736820030e-01
   2.3864890928047366e-01
   2.3864890928047372e-01
   2.3095055736820033e-01
   2.2325220545592703e-01
   2.1555385354365370e-01
   2.0785550163138036e-01
   2.0015714971910700e-01
   1.9245879780683367e-01
   1.8476044589456031e-01
   1.7706209398228698e-01
   1.6936374207001359e-01
   1.6166539015774026e-01
   1.5396703824546695e-01
   1.4626868633319359e-01
   1.3857033442092026e-01
   1.3087198250864687e-01
   1.2317363059637357e-01
   1.1547527868410017e-01
   1.0777692677182685e-01
   1.0007857485955353e-01
   9.2380222947280155e-02
   8.4681871035006823e-02
   7.6983519122733449e-02
   6.9285167210460130e-02
   6.1586815298186805e-02
   5.3888463385913445e-02
   4.6190111473640126e-02
   3.8491759561366724e-02
   3.0793407649093402e-02
   2.3095055736820080e-02
   1.5396703824546719e-02
   7.6983519122733983e-03
   0.0000000000000000e+00
