   6.4000000000000000e+01   1.0000000000000000e+00
   4.4740316363092020e-01
   4.4030152611296908e-01
   4.3319988859501796e-01
   4.2609825107706684e-01
   4.1899661355911577e-01
   4.1189497604116465e-01
   4.0479333852321348e-01
   3.9769170100526241e-01
   3.9059006348731135e-01
   3.8348842596936017e-01
   3.7638678845140905e-01
   3.6928515093345798e-01
   3.6218351341550681e-01
   3.5508187589755569e-01
   3.4798023837960462e-01
   3.4087860086165356e-01
   3.3377696334370238e-01
   3.2667532582575126e-01
   3.1957368830780014e-01
   3.1247205078984908e-01
   3.0537041327189796e-01
   2.9826877575394684e-01
   2.9116713823599566e-01
   2.8406550071804459e-01
   2.7696386320009347e-01
   2.6986222568214235e-01
   2.6276058816419123e-01
   2.5565895064624011e-01
   2.4855731312828902e-01
   2.4145567561033790e-01
   2.3435403809238681e-01
   2.2725240057443569e-01
   2.2015076305648459e-01
   2.1304912553853347e-01
   2.0594748802058233e-01
   1.9884585050263126e-01
   1.9174421298468011e-01
   1.8464257546672905e-01
   1.7754093794877790e-01
   1.7043930043082678e-01
   1.6333766291287569e-01
   1.5623602539492454e-01
   1.4913438787697347e-01
   1.4203275035902235e-01
   1.3493111284107120e-01
   1.2782947532312011e-01
   1.2072783780516895e-01
   1.1362620028721790e-01
   1.0652456276926674e-01
   9.9422925251315644e-02
   9.2321287733364552e-02
   8.5219650215413389e-02
   7.8118012697462297e-02
   7.1016375179511135e-02
   6.3914737661560111e-02
   5.6813100143609019e-02
   4.9711462625657857e-02
   4.2609825107706764e-02
   3.5508187589755602e-02
   2.8406550071804509e-02
   2.1304912553853420e-02
   1.4203275035902255e-02
   7.1016375179511647e-03
   0.0000000000000000e+00
