   6.4000000000000000e+01   1.0000000000000000e+00
   0.0000000000000000e+00
   8.8954390261753793e-03
   1.7790878052350797e-02
   2.6686317078526138e-02
   3.5581756104701552e-02
   4.4477195130876973e-02
   5.3372634157052345e-02
   6.2268073183227766e-02
   7.1163512209403104e-02
   8.0058951235578532e-02
   8.8954390261753946e-02
   9.7849829287929319e-02
   1.0674526831410473e-01
   1.1564070734028012e-01
   1.2453614636645551e-01
   1.3343158539263089e-01
   1.4232702441880629e-01
   1.5122246344498169e-01
   1.6011790247115709e-01
   1.6901334149733249e-01
   1.7790878052350789e-01
   1.8680421954968326e-01
   1.9569965857585866e-01
   2.0459509760203412e-01
   2.1349053662820947e-01
   2.2238597565438487e-01
   2.3128141468056024e-01
   2.4017685370673567e-01
   2.4907229273291101e-01
   2.5796773175908644e-01
   2.6686317078526184e-01
   2.7575860981143724e-01
   2.7575860981143724e-01
   2.6686317078526184e-01
   2.5796773175908644e-01
   2.4907229273291107e-01
   2.4017685370673569e-01
   2.3128141468056027e-01
   2.2238597565438487e-01
   2.1349053662820947e-01
   2.0459509760203412e-01
   1.9569965857585866e-01
   1.8680421954968332e-01
   1.7790878052350795e-01
   1.6901334149733249e-01
   1.6011790247115715e-01
   1.5122246344498169e-01
   1.4232702441880635e-01
   1.3343158539263089e-01
   1.2453614636645553e-01
   1.1564070734028017e-01
   1.0674526831410473e-01
   9.7849829287929360e-02
   8.8954390261753946e-02
   8.0058951235578560e-02
   7.1163512209403187e-02
   6.2268073183227766e-02
   5.3372634157052387e-02
   4.4477195130876973e-02
   3.5581756104701594e-02
   2.6686317078526211e-02
   1.7790878052350797e-02
   8.8954390261754158e-03
   0.0000000000000000e+00
