   6.4000000000000000e+01   1.0000000000000000e+00
   0.0000000000000000e+00
   8.8954390261753967e-03
   1.7790878052350790e-02
   2.6686317078526183e-02
   3.5581756104701573e-02
   4.4477195130876980e-02
   5.3372634157052380e-02
   6.2268073183227766e-02
   7.1163512209403174e-02
   8.0058951235578560e-02
   8.8954390261753946e-02
   9.7849829287929360e-02
   1.0674526831410476e-01
   1.1564070734028013e-01
   1.2453614636645553e-01
   1.3343158539263092e-01
   1.4232702441880635e-01
   1.5122246344498172e-01
   1.6011790247115712e-01
   1.6901334149733249e-01
   1.7790878052350789e-01
   1.8680421954968326e-01
   1.9569965857585866e-01
   2.0459509760203407e-01
   2.1349053662820947e-01
   2.2238597565438487e-01
   2.3128141468056024e-01
   2.4017685370673567e-01
   2.4907229273291101e-01
   2.5796773175908644e-01
   2.6686317078526184e-01
   2.7575860981143724e-01
   2.8465404883761264e-01
   2.9354948786378798e-01
   3.0244492688996338e-01
   3.1134036591613884e-01
   3.2023580494231418e-01
   3.2913124396848958e-01
   3.3802668299466498e-01
   3.4692212202084050e-01
   3.5581756104701578e-01
   3.6471300007319118e-01
   3.7360843909936664e-01
   3.8250387812554199e-01
   3.9139931715171744e-01
   4.0029475617789273e-01
   4.0919019520406824e-01
   4.1808563423024359e-01
   4.2698107325641904e-01
   4.3587651228259439e-01
   4.4477195130876973e-01
   4.5366739033494519e-01
   4.6256282936112053e-01
   4.7145826838729599e-01
   4.8035370741347139e-01
   4.8924914643964662e-01
   4.9814458546582213e-01
   5.0704002449199759e-01
   5.1593546351817299e-01
   5.2483090254434839e-01
   5.3372634157052368e-01
   5.4262178059669908e-01
   5.5151721962287448e-01
   5.6041265864904999e-01
