   6.4000000000000000e+01   1.0000000000000000e+00
   0.0000000000000000e+00
   1.0098040631697825e-02
   2.0196081263395650e-02
   3.0294121895093475e-02
   4.0392162526791300e-02
   5.0490203158489122e-02
   6.0588243790186957e-02
   7.0686284421884793e-02
   8.0784325053582601e-02
   9.0882365685280436e-02
   1.0098040631697827e-01
   1.1107844694867611e-01
   1.2117648758037394e-01
   1.3127452821207175e-01
   1.4137256884376959e-01
   1.5147060947546739e-01
   1.6156865010716520e-01
   1.7166669073886304e-01
   1.8176473137056082e-01
   1.9186277200225868e-01
   2.0196081263395649e-01
   2.1205885326565432e-01
   2.2215689389735216e-01
   2.3225493452904999e-01
   2.4235297516074783e-01
   2.5245101579244567e-01
   2.6254905642414345e-01
   2.7264709705584128e-01
   2.8274513768753917e-01
   2.9284317831923695e-01
   3.0294121895093473e-01
   3.1303925958263262e-01
   3.2313730021433040e-01
   3.3323534084602824e-01
   3.4333338147772607e-01
   3.5343142210942391e-01
   3.6352946274112174e-01
   3.7362750337281958e-01
   3.8372554400451742e-01
   3.9382358463621525e-01
   4.0392162526791298e-01
   4.1401966589961092e-01
   4.2411770653130865e-01
   4.3421574716300648e-01
   4.4431378779470432e-01
   4.5441182842640215e-01
   4.6450986905810004e-01
   4.7460790968979782e-01
   4.8470595032149577e-01
   4.9480399095319344e-01
   5.0490203158489133e-01
   5.1500007221658917e-01
   5.2509811284828689e-01
   5.3519615347998484e-01
   5.4529419411168256e-01
   5.5539223474338040e-01
   5.6549027537507834e-01
   5.7558831600677607e-01
   5.8568635663847390e-01
   5.9578439727017174e-01
   6.0588243790186946e-01
   6.1598047853356741e-01
   6.2607851916526525e-01
   6.3617655979696308e-01
