   6.4000000000000000e+01   1.0000000000000000e+00
   0.0000000000000000e+00
   9.4960023447561819e-03
   1.8992004689512360e-02
   2.8488007034268539e-02
   3.7984009379024720e-02
   4.7480011723780906e-02
   5.6976014068537084e-02
   6.6472016413293269e-02
   7.5968018758049455e-02
   8.5464021102805626e-02
   9.4960023447561784e-02
   1.0445602579231800e-01
   1.1395202813707417e-01
   1.2344803048183034e-01
   1.3294403282658654e-01
   1.4244003517134271e-01
   1.5193603751609888e-01
   1.6143203986085508e-01
   1.7092804220561122e-01
   1.8042404455036742e-01
   1.8992004689512357e-01
   1.9941604923987977e-01
   2.0891205158463597e-01
   2.1840805392939217e-01
   2.2790405627414831e-01
   2.3740005861890448e-01
   2.4689606096366068e-01
   2.5639206330841680e-01
   2.6588806565317302e-01
   2.7538406799792919e-01
   2.8488007034268537e-01
   2.9437607268744159e-01
   3.0387207503219776e-01
   3.1336807737695394e-01
   3.2286407972171011e-01
   3.3236008206646622e-01
   3.4185608441122251e-01
   3.5135208675597862e-01
   3.6084808910073485e-01
   3.7034409144549102e-01
   3.7984009379024714e-01
   3.8933609613500342e-01
   3.9883209847975959e-01
   4.0832810082451571e-01
   4.1782410316927199e-01
   4.2732010551402810e-01
   4.3681610785878433e-01
   4.4631211020354050e-01
   4.5580811254829667e-01
   4.6530411489305279e-01
   4.7480011723780902e-01
   4.8429611958256519e-01
   4.9379212192732136e-01
   5.0328812427207759e-01
   5.1278412661683370e-01
   5.2228012896158982e-01
   5.3177613130634616e-01
   5.4127213365110227e-01
   5.5076813599585839e-01
   5.6026413834061461e-01
   5.6976014068537084e-01
   5.7925614303012707e-01
   5.8875214537488330e-01
   5.9824814771963941e-01
