   6.4000000000000000e+01   1.0000000000000000e+00
   7.1233678190063743e-01
   7.0102984885459563e-01
   6.8972291580855372e-01
   6.7841598276251180e-01
   6.6710904971647000e-01
   6.5580211667042809e-01
   6.4449518362438629e-01
   6.3318825057834449e-01
   6.2188131753230258e-01
   6.1057438448626067e-01
   5.9926745144021887e-01
   5.8796051839417696e-01
   5.7665358534813504e-01
   5.6534665230209324e-01
   5.5403971925605144e-01
   5.4273278621000953e-01
   5.3142585316396762e-01
   5.2011892011792571e-01
   5.0881198707188391e-01
   4.9750505402584205e-01
   4.8619812097980020e-01
   4.7489118793375829e-01
   4.6358425488771643e-01
   4.5227732184167457e-01
   4.4097038879563266e-01
   4.2966345574959092e-01
   4.1835652270354895e-01
   4.0704958965750715e-01
   3.9574265661146529e-01
   3.8443572356542344e-01
   3.7312879051938153e-01
   3.6182185747333967e-01
   3.5051492442729781e-01
   3.3920799138125590e-01
   3.2790105833521410e-01
   3.1659412528917230e-01
   3.0528719224313039e-01
   2.9398025919708848e-01
   2.8267332615104662e-01
   2.7136639310500477e-01
   2.6005946005896297e-01
   2.4875252701292103e-01
   2.3744559396687923e-01
   2.2613866092083740e-01
   2.1483172787479546e-01
   2.0352479482875360e-01
   1.9221786178271172e-01
   1.8091092873666989e-01
   1.6960399569062792e-01
   1.5829706264458612e-01
   1.4699012959854427e-01
   1.3568319655250238e-01
   1.2437626350646057e-01
   1.1306933046041867e-01
   1.0176239741437684e-01
   9.0455464368335015e-02
   7.9148531322293061e-02
   6.7841598276251233e-02
   5.6534665230209336e-02
   4.5227732184167507e-02
   3.3920799138125686e-02
   2.2613866092083792e-02
   1.1306933046041896e-02
   0.0000000000000000e+00
