   6.4000000000000000e+01   1.0000000000000000e+00
   0.0000000000000000e+00
   1.0701651373279480e-02
   2.1403302746558960e-02
   3.2104954119838436e-02
   4.2806605493117919e-02
   5.3508256866397409e-02
   6.4209908239676899e-02
   7.4911559612956369e-02
   8.5613210986235852e-02
   9.6314862359515335e-02
   1.0701651373279479e-01
   1.1771816510607429e-01
   1.2841981647935377e-01
   1.3912146785263327e-01
   1.4982311922591274e-01
   1.6052477059919221e-01
   1.7122642197247168e-01
   1.8192807334575117e-01
   1.9262972471903061e-01
   2.0333137609231014e-01
   2.1403302746558958e-01
   2.2473467883886905e-01
   2.3543633021214855e-01
   2.4613798158542807e-01
   2.5683963295870754e-01
   2.6754128433198698e-01
   2.7824293570526648e-01
   2.8894458707854598e-01
   2.9964623845182542e-01
   3.1034788982510492e-01
   3.2104954119838441e-01
   3.3175119257166386e-01
   3.4245284394494341e-01
   3.5315449531822291e-01
   3.6385614669150235e-01
   3.7455779806478184e-01
   3.8525944943806123e-01
   3.9596110081134078e-01
   4.0666275218462028e-01
   4.1736440355789983e-01
   4.2806605493117916e-01
   4.3876770630445872e-01
   4.4946935767773821e-01
   4.6017100905101765e-01
   4.7087266042429715e-01
   4.8157431179757665e-01
   4.9227596317085615e-01
   5.0297761454413559e-01
   5.1367926591741508e-01
   5.2438091729069458e-01
   5.3508256866397408e-01
   5.4578422003725358e-01
   5.5648587141053307e-01
   5.6718752278381257e-01
   5.7788917415709196e-01
   5.8859082553037145e-01
   5.9929247690365095e-01
   6.0999412827693045e-01
   6.2069577965020994e-01
   6.3139743102348933e-01
   6.4209908239676883e-01
   6.5280073377004832e-01
   6.6350238514332782e-01
   6.7420403651660743e-01
