   3.2000000000000000e+01   1.0000000000000000e+00
   0.0000000000000000e+00
   1.6543469682057088e-01
   5.5226423163382676e-01
   9.0450849718747373e-01
   1.0000000000000000e+00
   1.0000000000000000e+00
   1.0000000000000000e+00
   1.0000000000000000e+00
   1.0000000000000000e+00
   1.0000000000000000e+00
   1.0000000000000000e+00
   1.0000000000000000e+00
   9.0450849718747350e-01
   5.5226423163382665e-01
   1.6543469682057088e-01
   0.0000000000000000e+00
   0.0000000000000000e+00
   1.6543469682057088e-01
   5.5226423163382676e-01
   9.0450849718747373e-01
   1.0000000000000000e+00
   1.0000000000000000e+00
   1.0000000000000000e+00
   1.0000000000000000e+00
   1.0000000000000000e+00
   1.0000000000000000e+00
   1.0000000000000000e+00
   1.0000000000000000e+00
   9.0450849718747350e-01
   5.5226423163382665e-01
   1.6543469682057088e-01
   0.0000000000000000e+00
