   3.2000000000000000e+01   1.0000000000000000e+00
   0.0000000000000000e+00
   1.1732984977495297e-02
   2.3465969954990590e-02
   3.5198954932485878e-02
   4.6931939909981180e-02
   5.8664924887476468e-02
   7.0397909864971769e-02
   8.2130894842467050e-02
   9.3863879819962373e-02
   1.0559686479745764e-01
   1.1732984977495294e-01
   1.2906283475244826e-01
   1.4079581972994351e-01
   1.5252880470743882e-01
   1.6426178968493413e-01
   1.7599477466242938e-01
   1.8772775963992472e-01
   1.9946074461742003e-01
   2.1119372959491522e-01
   2.2292671457241056e-01
   2.3465969954990590e-01
   2.4639268452740118e-01
   2.5812566950489652e-01
   2.6985865448239177e-01
   2.8159163945988708e-01
   2.9332462443738239e-01
   3.0505760941487758e-01
   3.1679059439237295e-01
   3.2852357936986820e-01
   3.4025656434736351e-01
   3.5198954932485882e-01
   3.6372253430235413e-01
