   3.2000000000000000e+01   1.0000000000000000e+00
   5.4212097284987459e-01
   5.2463319953213661e-01
   5.0714542621439873e-01
   4.8965765289666091e-01
   4.7216987957892298e-01
   4.5468210626118510e-01
   4.3719433294344723e-01
   4.1970655962570935e-01
   4.0221878630797142e-01
   3.8473101299023355e-01
   3.6724323967249567e-01
   3.4975546635475779e-01
   3.3226769303701986e-01
   3.1477991971928199e-01
   2.9729214640154406e-01
   2.7980437308380623e-01
   2.6231659976606830e-01
   2.4482882644833040e-01
   2.2734105313059255e-01
   2.0985327981285468e-01
   1.9236550649511677e-01
   1.7487773317737890e-01
   1.5738995985964099e-01
   1.3990218654190303e-01
   1.2241441322416514e-01
   1.0492663990642734e-01
   8.7438866588689448e-02
   6.9951093270951559e-02
   5.2463319953213586e-02
   3.4975546635475696e-02
   1.7487773317737890e-02
   0.0000000000000000e+00
