   3.2000000000000000e+01   1.0000000000000000e+00
   0.0000000000000000e+00
   2.4214050644952724e-02
   4.8428101289905448e-02
   7.2642151934858179e-02
   9.6856202579810882e-02
   1.2107025322476361e-01
   1.4528430386971636e-01
   1.6949835451466910e-01
   1.9371240515962179e-01
   2.1792645580457451e-01
   2.4214050644952723e-01
   2.6635455709447997e-01
   2.9056860773943272e-01
   3.1478265838438535e-01
   3.3899670902933821e-01
   3.6321075967429095e-01
   3.8742481031924358e-01
   4.1163886096419633e-01
   4.3585291160914902e-01
   4.6006696225410182e-01
   4.8428101289905445e-01
   5.0849506354400720e-01
   5.3270911418895994e-01
   5.5692316483391269e-01
   5.8113721547886543e-01
   6.0535126612381807e-01
   6.2956531676877070e-01
   6.5377936741372356e-01
   6.7799341805867641e-01
   7.0220746870362905e-01
   7.2642151934858168e-01
   7.5063556999353442e-01
