   3.2000000000000000e+01   1.0000000000000000e+00
   0.0000000000000000e+00
   2.4214050644952675e-02
   4.8428101289905386e-02
   7.2642151934858137e-02
   9.6856202579810799e-02
   1.2107025322476356e-01
   1.4528430386971630e-01
   1.6949835451466905e-01
   1.9371240515962176e-01
   2.1792645580457443e-01
   2.4214050644952717e-01
   2.6635455709447992e-01
   2.9056860773943261e-01
   3.1478265838438535e-01
   3.3899670902933809e-01
   3.6321075967429084e-01
   3.6321075967429084e-01
   3.3899670902933809e-01
   3.1478265838438535e-01
   2.9056860773943255e-01
   2.6635455709447992e-01
   2.4214050644952717e-01
   2.1792645580457443e-01
   1.9371240515962174e-01
   1.6949835451466899e-01
   1.4528430386971630e-01
   1.2107025322476356e-01
   9.6856202579810799e-02
   7.2642151934858096e-02
   4.8428101289905351e-02
   2.4214050644952675e-02
   0.0000000000000000e+00
