   3.2000000000000000e+01   1.0000000000000000e+00
   0.0000000000000000e+00
   5.8889015370039311e-03
   1.1777803074007862e-02
   1.7666704611011792e-02
   2.3555606148015721e-02
   2.9444507685019650e-02
   3.5333409222023583e-02
   4.1222310759027520e-02
   4.7111212296031449e-02
   5.3000113833035378e-02
   5.8889015370039315e-02
   6.4777916907043251e-02
   7.0666818444047166e-02
   7.6555719981051096e-02
   8.2444621518055039e-02
   8.8333523055058941e-02
   9.4222424592062884e-02
   1.0011132612906683e-01
   1.0600022766607076e-01
   1.1188912920307467e-01
   1.1777803074007860e-01
   1.2366693227708254e-01
   1.2955583381408650e-01
   1.3544473535109042e-01
   1.4133363688809433e-01
   1.4722253842509825e-01
   1.5311143996210219e-01
   1.5900034149910611e-01
   1.6488924303611008e-01
   1.7077814457311402e-01
   1.7666704611011791e-01
   1.8255594764712188e-01
